gene_names	pvalue	corr_coef	fdr	fpkm>0_num	fpkm>0.1_num	fpkm>1_num	fpkm_median	fpkm_mean
MEGF6_TSS26120	0.000892515736990749	0.23144068382389	0.047927720069791	208	193	25	0.393853	0.500295341291866
SLC2A5_TSS22535	0.000324563311073039	0.249839538346646	0.027755263846762	185	156	21	0.23489	0.426866288516746
PIK3CD_TSS8483	0.000511968598830551	0.241722502938028	0.0356937100382748	209	209	209	12.5252	14.2385297607655
NECAP2_TSS32269	0.000398987546616066	-0.246196259376546	0.0312453560856841	209	209	209	93.3453	93.9090344497608
STPG1_TSS25240,TSS8095	0.00013514367965696	-0.264732597213097	0.0165463512384267	207	207	207	5.04423	5.16518071770335
SNHG3_TSS5169	4.23523817189222e-05	0.283204104735059	0.00873039700901105	209	208	203	4.07312	4.2354787569378
RCC1_TSS24585,TSS5169	0.000714124936376923	0.235619169145345	0.0427533421590226	209	209	208	5.7621	5.86864033014354
LCK_TSS12239,TSS13245	0.000446263593889258	0.244197194111029	0.0329680454433622	209	209	202	6.49815	10.9743441435407
CAP1_TSS21297	3.01695989166023e-05	-0.288365763073327	0.00786407552637918	209	209	209	242.87	246.419550239234
NASP_TSS23200	0.000242796397831033	0.254872442037903	0.0235080254733296	209	209	209	8.55284	8.73069779904306
TAL1_TSS24679,TSS34963,TSS6581	0.000274448466097549	0.252760116633409	0.0252344505105017	110	13	1	0.00678173	0.045207520430622
ZFYVE9_TSS23114	0.000648185595012003	-0.23741199704031	0.0404104194978093	205	190	4	0.378959	0.416177844258373
LRP8_TSS2911	5.57961460284297e-05	0.278933047928254	0.0100614692500795	208	207	93	0.957771	1.08099998133971
IL12RB2_TSS14387	0.000518069184468525	0.241507894961936	0.0356937100382748	202	182	60	0.427339	0.851976265645933
PDE4B_TSS15460,TSS15932,TSS27165,TSS28364,TSS3070,TSS891	1.4799396078217e-05	0.298889385291439	0.00556304945816625	209	209	209	7.59199	8.94947110047847
LPAR3_TSS31752	0.000887627209202009	-0.231544492440546	0.047866327203402	204	201	146	1.77051	2.30095476937799
GBP5_TSS22297	0.000325189927888748	0.249805749275122	0.027755263846762	209	209	209	22.3408	27.0769605741627
GFI1_TSS13114,TSS14018,TSS17395	1.55233969518104e-05	0.298196448036091	0.0055643611685874	203	199	90	0.875283	1.49110776315789
F3_TSS18121	0.000354856286335562	0.248271460705559	0.0288868838695009	203	199	94	0.885173	1.16099064641148
RTCA_TSS8279	0.000709872069879395	0.235730095321755	0.0427533421590226	208	208	208	7.01029	6.9999143062201
FAM212B_TSS23351,TSS35432	0.000793048971398384	-0.233663995532364	0.0453616396416431	209	209	207	3.45787	3.45379391866029
OLFML3_TSS7201	3.31250635152322e-05	0.286953619805139	0.00789902562535361	167	120	12	0.123717	0.316471566507177
FAM46C_TSS1048	0.000362666201864724	0.247887373943527	0.0292774806893608	207	203	81	0.723954	1.12093063444976
RNVU1-14_TSS10091	0.000813547360696682	0.233185583440289	0.0459052628846973	68	68	68	0	6.39798531100478
ITGA10_TSS26108	0.000700890207648727	0.235966394701058	0.0426558442802598	199	103	0	0.0968076	0.123824551483254
RORC_TSS17590,TSS30208	0.000846398615476601	0.232441538012948	0.0467429838148191	203	189	79	0.691258	1.31739192822967
S100A1_TSS21027	0.000582563343429935	-0.239371849803806	0.0380841473693416	206	206	201	6.5408	8.35002910047847
CD5L_TSS11670	8.90608117521562e-06	-0.306149862650988	0.00416391766825873	209	209	207	6.71135	7.14850135406699
CD1D_TSS28323	1.28120889605905e-06	0.332234391886722	0.00231597858492821	207	207	194	2.22827	2.35600370813397
PYHIN1_TSS13031	4.87679893410051e-06	0.31451714000064	0.00345894444450888	202	198	99	0.885633	1.41337003205742
FCRL6_TSS1525,TSS35367	0.000603863754147563	0.238714272102505	0.0386272841026212	206	204	147	1.38423	1.78043263875598
SLAMF6_TSS3563	8.29447094461302e-05	0.272665319946071	0.0130070534855984	208	208	197	2.78856	3.63012554066986
SLAMF1_TSS19229	0.000205967441287035	0.257680281385417	0.021143509103365	206	205	132	1.45628	2.25817467703349
CD48_TSS29749	2.07391671023352e-05	0.293955165516313	0.00646480305247305	209	209	209	19.966	26.9365433014354
CD244_TSS25286	4.2295874421405e-06	0.316458796841179	0.00324424953446904	203	200	90	0.839825	1.19234838373206
LY9_TSS34264	0.000514260847512314	0.241641589547701	0.0356937100382748	207	202	131	1.42059	2.26430950574163
SLAMF7_TSS33865	0.000535042460879289	0.240922876831822	0.0362154534069522	208	208	193	4.72702	7.22473119617225
CD84_TSS10719	3.81304528487314e-05	0.284812933308026	0.00832858924536602	209	209	209	10.9982	12.0963051674641
PVRL4_TSS17869	0.000937761223068622	0.230503957265278	0.0493212235038211	201	137	2	0.147953	0.195467274401914
HSPA7_TSS10980	3.58391418849328e-05	0.285757800882625	0.0079659504845284	208	206	188	2.60873	3.76194343971292
FCGR2C_TSS7369	0.000147195152820496	0.263318792045978	0.017886335271049	209	209	209	4.91898	5.58109703349282
FCGR2B_TSS1648	1.35908918954357e-06	0.331475346164431	0.00231597858492821	209	208	205	4.74621	5.98402158229665
UCK2_TSS7806	3.27294037182565e-05	0.287135612641508	0.00789241781549392	206	196	12	0.377638	0.451775816746411
GPA33_TSS1559	1.72417996800978e-05	-0.296666978005988	0.00595564380571595	209	209	209	40.1054	42.9696586602871
RCSD1_TSS24242	4.40405294987469e-06	0.315908972084922	0.00324424953446904	209	209	208	6.03309	6.69532331100478
FASLG_TSS4455	7.94394964447302e-05	0.273355324675915	0.0126121302398991	196	185	81	0.691387	1.19454288516746
QSOX1_TSS3954	5.17318394729905e-05	-0.280111738306365	0.00958840615995742	209	209	209	122.682	127.563468899522
RGL1_TSS21741,TSS9460	3.63672476858329e-06	0.318503481988992	0.00320545937275026	207	206	102	0.978164	1.50499364880383
RGS13_TSS6143	0.00066948437494512	0.236815193446023	0.041322227724038	107	52	2	0.0232004	0.0959608043062201
CFH_TSS28984	5.08601556653753e-06	0.313941709667979	0.00345894444450888	197	182	50	0.530759	0.749345277033493
NR5A2_TSS34731,TSS5566	2.32132371209004e-07	0.353376154074299	0.000612638734948525	136	30	0	0.0149196	0.0481336749760766
NAV1_TSS4182,TSS6789	0.000361947469701103	-0.247922398366292	0.0292774806893608	208	208	191	1.6098	1.68729528229665
PTPN7_TSS11819,TSS26362	1.58913330975658e-05	0.297855936381721	0.0055643611685874	209	208	184	3.07511	4.5467001062201
CHIT1_TSS23928	0.00016229468073296	0.261692782213258	0.0192056219176629	206	205	153	2.38222	21.1433327813397
LAX1_TSS16296,TSS32641	3.03951813045342e-05	0.288253476565086	0.00786407552637918	205	202	86	0.779045	1.27709486220096
CD55_TSS22160	0.000946878272985256	-0.230320249639145	0.049698471326029	209	209	209	35.3043	35.4187440191388
TRAF3IP3_TSS9082,TSS9474	9.44061670165158e-05	0.270585826012978	0.0140297443901695	205	205	188	4.12	6.55824513397129
TRAF5_TSS34889,TSS35580,TSS8938	0.000125168103164149	0.265995081198811	0.0161483033856943	207	207	195	2.10825	2.6493866076555
FAM89A_TSS4251	3.26017838089872e-05	-0.287194756976632	0.00789241781549392	209	209	209	52.2642	52.008809569378
NLRP3_TSS20143,TSS2387	0.000430260176158383	0.244850948603978	0.0324753701708876	205	203	158	1.47035	1.68992473827751
TRIB2_TSS27688	0.000851818543669941	0.232321345119632	0.0467429838148191	205	204	160	1.76701	2.55545684497608
RASGRP3_TSS12780,TSS24643,TSS6969	1.52541827513477e-05	0.298450468766076	0.0055643611685874	209	207	169	1.57884	1.78048691138756
CNRIP1_TSS5159	0.000260149259035628	0.253684686069085	0.0244473353316532	205	204	190	2.29587	2.44228307942584
PCBP1-AS1_TSS15013	0.000563625102755923	0.2399754352291	0.0373455367751329	203	185	6	0.324192	0.35896646507177
DYSF_TSS10947,TSS28868	0.000371419191017011	0.247465925179914	0.0296466478260279	208	208	147	1.67572	2.74688610047847
ST3GAL5_TSS30007,TSS5642	0.000276990649325993	0.252600450496615	0.0252862785265061	209	209	209	11.3885	11.5321142105263
LINC00342_TSS29897	0.000631892147950593	0.237880896455042	0.0398809757870743	204	203	144	1.27175	1.36404600956938
ZAP70_TSS22131,TSS35458	0.000598377262627004	0.23888157464055	0.0385339741590148	205	205	170	2.76916	4.99797503827751
CHST10_TSS11758	0.000869765949821029	0.231928304978021	0.0472018841685251	186	146	3	0.16989	0.227184541244019
IL18R1_TSS34462	5.05497691308107e-05	0.280470921745855	0.00950075477024009	200	187	48	0.466638	0.738374816172249
SULT1C2_TSS16144	0.000539197305017749	0.240782288802155	0.0362695324041018	166	120	29	0.153348	0.42380145784689
MERTK_TSS7593	0.000251159901939532	0.254290449417203	0.0240445627471025	200	195	65	0.590316	1.03511450239234
SLC20A1_TSS28706	0.000220067206979314	0.256553891345066	0.0219731948343681	209	209	209	8.36027	8.53118205741627
SCTR_TSS3598	3.13123821181251e-05	0.287804878449983	0.00789241781549392	67	15	0	0	0.0276347124401914
TMEM37_TSS6210	3.8715170706211e-05	0.284580389048734	0.00832858924536602	199	191	94	0.859995	1.40116949330144
ARHGEF4_TSS18878,TSS33376	0.000799263528546105	0.233517762360647	0.0455010580248708	156	50	0	0.0338366	0.0724106758373206
KIF5C_TSS20975,TSS21364	0.000173787608013474	0.260547274248925	0.0194073045436149	200	141	8	0.157209	0.260358135837321
CYBRD1_TSS22715,TSS9625	0.000178590143308879	0.260089433900812	0.0197616565070055	204	202	100	0.968177	1.41495529090909
CDCA7_TSS9501	0.000247236085278423	0.254561213463263	0.0237579006609089	203	190	53	0.586259	0.889375975598086
ITGA4_TSS24112	0.000390704909705583	0.246568939408082	0.0307286406061059	209	209	209	9.92245	11.0818024880383
SLC40A1_TSS18329	2.26056033472747e-07	0.353692502648258	0.000612638734948525	208	204	159	2.12227	3.96547404583732
STAT4_TSS18456,TSS5227	7.80777342699146e-05	0.273631119590233	0.012473406035458	205	203	135	1.49258	2.24083747799043
CD28_TSS30429	0.000363090699836757	0.247866718046149	0.0292774806893608	204	199	66	0.675958	1.10690685741627
MREG_TSS21609	8.60780942518723e-05	0.272071284149021	0.0130966795665006	207	207	195	2.5546	3.47642358851675
IGFBP2_TSS7632	0.000621722634820492	-0.23817924953328	0.0393362679916995	209	209	207	41.4361	56.0640960813397
TUBA4A_TSS2759,TSS28369	0.000180775723251838	0.259884868757548	0.0199090703765646	209	206	172	2.4636	3.81653519617225
INPP5D_TSS12300	0.000366638391955255	0.247694959803149	0.0294705784175103	209	209	209	13.9637	14.9269318660287
ARL4C_TSS25821,TSS2669	0.00017251957200759	0.260670130322924	0.0194073045436149	209	208	201	4.57039	6.00943908564593
SH3BP4_TSS29676	0.000120358397430289	-0.266637799007768	0.0160233385245605	209	209	209	13.4392	13.8114283253589
JAGN1_TSS7228	8.5122101028777e-05	-0.272250344322092	0.0130966795665006	208	208	207	11.2629	11.6437189760766
SLC6A6_TSS1526	0.000424158632038019	-0.245106150333554	0.0321718658561537	209	209	209	45.6833	46.3137755980861
OXNAD1_TSS23692	0.000172248886777747	0.260696465314446	0.0194073045436149	209	208	207	2.53416	2.94018264114833
SATB1_TSS12226,TSS1662	0.00056086405364698	0.240064994532249	0.0373455367751329	209	209	196	1.77717	2.12918871291866
POMGNT2_TSS9710	3.43019382815324e-05	-0.286424155971131	0.00789902562535361	208	207	207	4.05668	4.10798016794258
CXCR6_TSS25765	8.52493411073011e-05	0.272226403420708	0.0130966795665006	208	208	193	5.78245	10.9249298133971
CCR5_TSS491	0.000159209172811584	0.262013214890535	0.018928119377846	209	209	200	5.23042	6.81950903349282
CAMP_TSS10293	0.00019607108788996	-0.258514651168369	0.0207702635928997	209	209	209	21.6008	28.4225872248804
STAB1_TSS12767	3.98088673375519e-05	0.284154168112309	0.0083406103115997	206	205	121	1.19156	2.01703387607655
NT5DC2_TSS15451,TSS30912	4.13794349255943e-07	0.346394663189316	0.000881416446777596	194	185	46	0.491863	0.678068778242029
PRKCD_TSS31808	0.000325753262940753	-0.24977542413337	0.027755263846762	209	209	209	67.8582	68.9219105263158
CD96_TSS35644	3.89982788320266e-05	0.28446898235815	0.00832858924536602	209	208	165	2.37397	3.97483383205742
ZBED2_TSS18019	0.000383419186717266	0.246902870745448	0.0303423462281115	172	130	10	0.155181	0.287337065550239
SIDT1_TSS11062	4.44572433185418e-05	0.282457677397009	0.00875883711475371	201	187	18	0.292696	0.440750932440191
MGLL_TSS14603,TSS20093	7.28418484899596e-08	-0.366888727490807	0.000465477622312964	209	209	209	26.178	26.8005241626794
GATA2_TSS26897,TSS6723,TSS7121	0.000647264240506456	0.237438220317437	0.0404104194978093	161	66	5	0.0520865	0.165992644210526
PCOLCE2_TSS16578	4.57491868691608e-05	-0.282015837996394	0.00892667912643222	209	209	209	76.0527	78.2344822966507
SLC9A9_TSS35734	0.000353194020360162	0.248354221687928	0.0288434260524796	207	194	45	0.535835	0.705872794354067
CPA3_TSS27930	0.000221515471387196	0.256442031017499	0.0220317391600315	200	188	84	0.72932	1.74252747320574
ETV5_TSS36356	2.57563274910429e-05	0.29073855919315	0.00731508318887275	202	196	43	0.547203	0.673170967942584
ST6GAL1_TSS18437,TSS23896	2.25171529280758e-06	0.324896386464263	0.00250243889562846	209	208	206	3.70036	4.80735480952153
SMCO1_TSS29226	0.000521793289013683	0.241378033739093	0.0357723091188054	27	3	0	0	0.00515622344497608
KLHL5_TSS14972,TSS9470	0.000495960821152702	0.242297084571231	0.0350200401919453	209	208	164	1.53181	1.61962410181818
GABRA4_TSS15695,TSS32018	7.07675201531745e-06	-0.309374373138782	0.00393236648398977	198	79	1	0.071935	0.115336817703349
ANTXR2_TSS10288,TSS15192	0.000514569231114236	0.241630729482725	0.0356937100382748	209	207	175	2.20603	2.62645104961722
PTPN13_TSS192	0.000230579086776678	0.255757076497891	0.0225495233926763	203	171	7	0.229727	0.298987185837321
SNCA_TSS20982,TSS25159,TSS36340	0.000778235543152727	0.234016869097603	0.045005607960468	203	196	46	0.542637	0.719000706698565
TSPAN5_TSS26330	0.000133969820681062	0.264876545846529	0.0165430076639064	201	168	40	0.326261	0.5778200915311
ELOVL6_TSS32069,TSS794	0.000156223107118501	0.262328891662901	0.01865990112643	199	174	29	0.305799	0.513148875598086
ZNF827_TSS22419	0.000526229880104643	0.241224442177345	0.0357738350142415	199	102	1	0.0940501	0.156491634354067
TLR2_TSS21104	8.60122551884006e-05	0.272083556042454	0.0130966795665006	209	209	209	10.3345	11.5432055502392
NPY2R_TSS33056	0.000209036622020579	0.257429103059183	0.0212031154582064	28	0	0	0	0.0014159138277512
FAM198B_TSS21137,TSS8367	0.000717322289726538	0.235536174020549	0.0427533421590226	208	206	127	1.21759	1.72426393875598
TLR3_TSS3408	0.000107523642523289	0.268478438174646	0.0151571870013963	200	190	43	0.553533	0.656646839712919
FAM134B_TSS1869,TSS33898	0.000891875462539679	-0.231454250334673	0.047927720069791	209	209	209	8.34997	8.85565444976076
PDZD2_TSS12068	0.000936250301167941	0.230534560699036	0.0493212235038211	192	17	0	0.0264708	0.0411067949760766
FYB_TSS21357,TSS30941	6.21992321576394e-06	0.311167875580956	0.00382362322035123	209	209	209	12.9828	14.773551291866
OXCT1_TSS11306	0.000331046043187258	0.249492861022208	0.0279269567983812	203	194	38	0.502368	0.647026571913876
SEPP1_TSS35282	3.0458255823776e-05	0.288222221029481	0.00786407552637918	207	206	187	3.58969	7.60575014032091
EMB_TSS17303	2.28546185562484e-05	0.292517913403261	0.00679542897063547	208	208	184	2.89705	4.19367018660287
PDE4D_TSS16039,TSS22359,TSS25408,TSS25617,TSS29920,TSS3013,TSS3508,TSS3690	0.000566723735388306	0.239875407485263	0.0374315901815516	206	177	28	0.293168	0.536165931578947
RGS7BP_TSS28595,TSS34788	0.000295204532914734	0.251494808350893	0.0264762212836263	71	5	0	0	0.0111944833971292
F2R_TSS19258	4.03090926699492e-06	0.317111830814592	0.00324424953446904	207	203	93	0.826875	1.55786377511962
MEF2C_TSS31559,TSS3336,TSS8197	0.000593456744331233	0.239032828391379	0.0385008828473367	207	207	110	1.03807	1.16547546411483
RHOBTB3_TSS35763	2.19422908198613e-06	0.325237145293954	0.00250243889562846	209	206	77	0.744939	0.92817366076555
ST8SIA4_TSS26762	9.6195327238838e-06	0.305060551638042	0.00431376975359989	208	208	151	1.54974	1.97837151674641
ACSL6_TSS12829,TSS22056,TSS33015	0.00073540363919846	0.235073150272352	0.043113881700807	183	54	1	0.0458318	0.100488133444976
DCANP1_TSS21320	0.000309292920363438	0.250682278401494	0.0272628223615414	189	170	17	0.312419	0.417967681818182
REEP2_TSS32202	0.000697747142914941	0.236049744085495	0.0425998980049542	102	29	1	0	0.0587460148325359
MZB1_TSS18806	0.000320604642573563	0.250054412993576	0.0275925093226358	153	125	25	0.189043	0.761558920574163
ARAP3_TSS4984	0.000337852447995329	0.249135594920589	0.0284073895500283	204	181	12	0.284547	0.391841375502392
PPP2R2B_TSS16827,TSS20701,TSS25167,TSS32472,TSS7462	0.000581591990264644	0.239402363782756	0.0380841473693416	193	169	31	0.357744	0.547576531100478
ABLIM3_TSS28820,TSS31562	0.000665499375351623	0.23692550995417	0.0412884211974826	183	81	1	0.0637607	0.125918878516746
SMIM3_TSS9883	0.00049162779030469	0.242455565019412	0.0348102436232082	205	205	163	1.50895	1.72082799521531
ANXA6_TSS11300,TSS22637	0.000774463981437845	0.234107700238004	0.0448890563027954	209	208	206	8.16094	11.7399961521531
ITK_TSS1054	0.000276111462478265	0.252655514569797	0.0252862785265061	209	208	188	3.50486	5.3292971491866
ADAM19_TSS1594	0.000401249989323998	0.246095707590736	0.0312453560856841	209	208	173	2.45939	3.68064251502392
SFXN1_TSS35167	3.49701478146102e-05	0.286131108046033	0.00790608243800284	205	203	193	2.43978	2.80103999569378
SERPINB9_TSS19853	9.84221927391915e-05	0.269912914317022	0.014294145844355	209	205	166	2.03821	2.4087370607177
BPHL_TSS22360	0.000435343108105001	-0.244640898816669	0.0325410897446426	208	208	208	8.10704	8.34340119617225
F13A1_TSS6320	0.000598811158673951	0.238868292122348	0.0385339741590148	206	203	131	1.53993	2.78194467416268
SOX4_TSS16511	0.000612366000430418	-0.238457762019374	0.0389370331766217	209	209	209	4.92176	5.14456645933014
BRPF3_TSS2944	7.38790637853198e-06	-0.308773785442613	0.00401792074343949	209	209	209	5.00754	5.0799895215311
CPNE5_TSS22321	0.000327679446053654	0.24967210165419	0.0278155037369749	165	80	3	0.0737276	0.14310178722488
TREML1_TSS36133	1.06335949166386e-05	0.303637301606923	0.00459104247457354	206	205	170	1.78931	2.2029704354067
TREM2_TSS28347	8.80785416566707e-06	0.306306276540027	0.00416391766825873	209	209	209	82.5211	92.1779719617225
MDFI_TSS10102,TSS8006	0.000116086514027212	0.267229130116072	0.0156999332542305	44	4	0	0	0.0118953210526316
FOXP4_TSS9781	0.000562560155323349	-0.240009930459067	0.0373455367751329	209	209	207	4.06923	4.15139674162679
TREM1_TSS9189	3.37212605456888e-05	-0.286683219533621	0.00789902562535361	209	209	209	195.256	196.030401913876
TRERF1_TSS31764	1.64945170127944e-06	0.328970329849678	0.00237797692362631	209	204	85	0.749142	1.22622211334928
CCND3_TSS25077,TSS8541	0.000478972877676157	-0.242925932247569	0.0345127896717971	209	209	209	96.1681	97.3489851674641
RCAN2_TSS18088,TSS31718,TSS8426	0.000809189024924901	0.233286365898986	0.0457603554559854	193	162	22	0.267285	0.487840865215311
TDRD6_TSS352	0.000116721568233213	0.267139947382975	0.0157027368716272	194	92	7	0.0783972	0.191294600526316
PLA2G7_TSS21440,TSS24190	3.52604905102431e-05	0.286005417863009	0.00790608243800284	205	200	155	2.32229	4.61703503732057
ELOVL5_TSS14595,TSS26287	6.4576121429669e-05	0.276640307605767	0.0110780553010991	209	209	209	20.1933	21.0057111483254
PRDM1_TSS16731,TSS30061	5.03904541630135e-05	0.280519934068953	0.00950075477024009	206	204	127	1.29282	1.86578941578947
SCML4_TSS32503,TSS9590	5.86819186474731e-05	0.278144195163275	0.0103446105003314	204	189	81	0.63486	1.15214363856459
MARCKS_TSS16012	0.000124540812534169	0.266077581915396	0.0161483033856943	208	208	181	2.16985	3.04046989473684
TRAF3IP2_TSS10177,TSS1329,TSS18482	2.72507758214475e-05	-0.289894788641683	0.00749923253630277	209	209	209	10.4207	10.4536591866029
SMPDL3A_TSS14511	3.95112387356127e-05	0.284269052854025	0.0083406103115997	203	201	159	2.05051	2.43421643827751
THEMIS_TSS11521,TSS3012	0.000168990230093327	0.261016568970694	0.0194073045436149	207	201	112	1.08552	2.03631658038277
SGK1_TSS16025,TSS22389,TSS30808,TSS33151	0.000433927836753247	0.244699155010035	0.0325410897446426	209	209	209	58.0586	63.1534033492823
ZC3H12D_TSS11859	0.00064643309472601	0.237461905682226	0.0404104194978093	208	208	62	0.76351	0.944607248803828
ULBP2_TSS9465	0.000795339004863982	-0.233609986919687	0.0453787060342148	199	194	49	0.623488	0.744482945454545
ZBTB2_TSS23127	0.000343382777283737	0.248850197539459	0.0284974258771091	209	209	209	4.68294	4.83186736842105
SYNE1_TSS17246,TSS33718	1.40975493614052e-05	0.299592449762066	0.00549724221793166	209	209	74	0.733832	1.00511580861244
CCR6_TSS15799,TSS20563	0.000229414807812904	0.255843644604024	0.0225495233926763	208	205	131	1.37228	2.12305273827751
GLCCI1_TSS29894	0.000135291553884088	0.264714546596633	0.0165463512384267	208	203	82	0.847063	1.0551380337799
LOC100506178_TSS23162	1.95453160980638e-05	0.294828700179505	0.00638159431043302	148	63	1	0.0494152	0.104513786124402
WIPF3_TSS11127	0.000884579728099667	0.231609472635043	0.0478028381182993	161	46	0	0.0353305	0.0696278958851675
LOC646762_TSS21820	0.000283992875885749	-0.252167609630872	0.0256506780936948	207	204	32	0.723649	0.707706202870813
CLIP2_TSS1196	0.000909810410373398	-0.231077580152907	0.0484492997907384	209	209	209	5.18126	5.26373086124402
POR_TSS20694	1.4120036950949e-05	-0.2995694143246	0.00549724221793166	209	209	209	97.8255	99.6826148325359
HGF_TSS32222	2.81519583114616e-05	0.289406846190298	0.00765523623829011	169	115	8	0.119527	0.219411251913876
ABCB1_TSS12396	0.000720846323086014	0.235445093374689	0.0427533421590226	197	141	10	0.179237	0.285990054832536
CDK6_TSS10640,TSS17533	4.43667706415865e-05	0.28248906981374	0.00875883711475371	209	205	60	0.662732	0.827723595406699
GAL3ST4_TSS15819	3.47503783506672e-06	0.319116279522507	0.00320545937275026	202	194	88	0.876877	1.29071236985646
STAG3_TSS10516,TSS2358	0.000488302186265771	0.242578078142667	0.0347673876967671	207	203	104	0.991651	1.07658186889952
PVRIG_TSS10408	0.00061592017670613	0.238351507384148	0.0390658452525692	200	191	46	0.488162	0.722468277990431
PILRA_TSS11161	0.00067904606118971	-0.236552949133725	0.0417237893511303	209	209	209	118.372	121.106026794258
DPY19L2P2_TSS5713,TSS7863	9.51411829359136e-05	0.270460688358128	0.0140572472660398	182	87	1	0.0787188	0.12922912569378
ZC3HAV1L_TSS13263	0.000858977649327873	0.232163658469486	0.0467429838148191	178	142	8	0.181635	0.28638296507177
CLEC5A_TSS12782,TSS26901	0.000342536337445302	0.248893600932413	0.0284974258771091	209	209	207	5.73269	6.75381868421053
TCAF2_TSS17748,TSS27449,TSS2942	0.000252298597312814	0.254212610499079	0.0240634494250479	197	141	2	0.152875	0.226534573588517
EPHA1_TSS30610	0.000552934674909277	0.240324481983051	0.0370959664707507	204	177	29	0.323228	0.536256248277512
GIMAP8_TSS8362	0.000670894116250372	0.236776312712211	0.041322227724038	208	208	208	4.41456	4.59872875598086
GIMAP5_TSS17510	0.000191732212300856	0.258892917410227	0.0205918784816058	209	195	188	3.79885	4.6358184767651
HTR5A-AS1_TSS23710	0.000828712580539073	0.23283873468731	0.0462801278270529	16	0	0	0	0.00108141090522957
DEFB1_TSS34163	0.000847526739114727	-0.232416462358548	0.0467429838148191	199	199	188	7.54911	10.3845166602871
MSRA_TSS15618,TSS19089	0.000808769055898901	-0.233296103681106	0.0457603554559854	209	209	209	18.8639	19.0915292822967
NEIL2_TSS10908	0.000515658323101062	-0.241592424040512	0.0356937100382748	208	208	208	8.38844	8.96137636363636
CSGALNACT1_TSS11995,TSS26235,TSS4047	4.80723784469998e-05	0.281250067295135	0.00923893282318618	203	173	30	0.318641	0.546479908660287
PDLIM2_TSS24850,TSS6025	0.000183869887438124	-0.259599174001039	0.0200850350119909	209	209	209	18.1835	19.1344552631579
DOCK5_TSS22178	9.26801052339602e-05	0.270883318853097	0.0138565236251411	209	208	196	2.16704	2.3276639562201
ADAM28_TSS20581	2.162623760217e-05	0.293336351692532	0.00666009951022973	201	186	30	0.409488	0.527029607177034
ADAMDEC1_TSS4471	0.000208944645566853	0.257436580195939	0.0212031154582064	174	141	35	0.253402	0.674015088038277
DUSP4_TSS11832,TSS35696	0.000225843199409596	0.256111782699519	0.0223751086050725	208	198	79	0.698707	1.10442946464115
SNAI2_TSS33924	3.90998282322257e-05	-0.284429206935665	0.00832858924536602	202	196	117	1.13173	1.29441421722488
PDE7A_TSS27686,TSS8654	1.22380366604982e-05	0.30162902243975	0.00496534055680942	208	208	203	2.44174	2.90904549760766
ADHFE1_TSS6280	0.000793265244701477	0.233658888760357	0.0453616396416431	200	190	59	0.636595	0.730208723444976
IL7_TSS23578	6.28270315147106e-06	0.311028730881409	0.00382362322035123	207	207	200	2.20877	2.32621957894737
LOC101927066_TSS18085	0.000727581230748986	0.235272162151338	0.0427533421590226	45	5	0	0	0.0117593320574163
ENPP2_TSS16940,TSS35000	0.000265093862427394	0.253359740517888	0.0248207480494748	206	203	146	1.51226	2.20068467703349
MTSS1_TSS23673	1.6829824823268e-06	0.328708693878575	0.00237797692362631	207	203	45	0.566734	0.738489431578947
SQLE_TSS26036	4.45463332779618e-05	0.282426823470143	0.00875883711475371	209	209	209	5.73908	6.56221411483254
PCAT1_TSS2426	0.000605983370179222	0.23865001328734	0.0386272841026212	37	0	0	0	0.00574352918660287
MYC_TSS15543	0.00085948133457083	0.232152609881366	0.0467429838148191	207	207	206	4.25449	4.91106254066986
DENND3_TSS19159	3.46935151903227e-05	0.28625178148117	0.00790608243800284	209	209	208	5.28075	5.74191068421053
RFX3_TSS1013,TSS33713,TSS6062	0.000936783913451388	0.230523747300904	0.0493212235038211	208	204	36	0.749852	0.789356001913876
DNAJA1_TSS15998	0.000169063654943102	-0.261009293092523	0.0194073045436149	209	209	209	168.439	170.633032535885
UBAP1_TSS30076	0.000483403892840698	-0.242759941997977	0.0346080625408667	209	209	209	17.6551	17.5926411483254
LOC100129316_TSS1628	0.000118806972611336	0.266850248180022	0.0158996074707768	112	6	1	0.00655362	0.0263882689952153
CORO2A_TSS20932,TSS22985	0.000258189746478372	-0.253815052226801	0.0244429189249395	209	209	209	22.4344	22.3545371291866
ZNF618_TSS30145	5.47237736138801e-05	0.279236000472502	0.00999138840960277	207	203	14	0.524016	0.565707951961723
TNFSF8_TSS11185	0.00016850682858859	0.261064544415661	0.0194073045436149	208	208	155	1.64713	2.04119125358852
TRAF1_TSS10088,TSS10913,TSS12784	0.000129353506011204	0.265454320449381	0.016287709197795	209	208	208	3.45725	4.27023429473684
PTGS1_TSS16909,TSS26306,TSS5673	2.35554118194136e-05	0.292069420517345	0.00684204410813672	209	209	208	3.29494	3.55571864114833
FAM102A_TSS27745,TSS28229	0.000827091009359633	0.232875541846803	0.0462801278270529	208	208	207	4.33932	6.13919118181818
RALGDS_TSS13171,TSS14319,TSS20402,TSS31005	0.000460414144812411	0.243636977018657	0.033624702730143	209	209	209	31.8993	33.3884459330144
SARDH_TSS13303,TSS25151	1.41942015720625e-05	0.299493688237714	0.00549724221793166	195	165	37	0.374472	0.58198833076555
DBH-AS1_TSS15307	1.8966683400828e-05	0.295270388535172	0.00629619992738396	171	121	21	0.167591	0.371366221052632
LINC00094_TSS29449	0.000272105553952219	-0.252908490094415	0.0251093504136198	209	208	204	2.13779	2.22096072535885
FCN1_TSS7268	0.000349408283205579	0.248544063772215	0.0287177656817292	208	208	202	7.55285	12.2953656555024
AKR1C2_TSS10578,TSS16978	0.000878526931643502	-0.231739147061136	0.0475763281774143	209	209	204	4.80833	5.62798925837321
AKR1C3_TSS27896,TSS3470	3.4363103545515e-06	-0.319267082518972	0.00320545937275026	209	209	209	42.8864	47.3417968899521
ITIH5_TSS21794,TSS23392	0.000152162308957307	-0.262767353284113	0.0182601914519142	209	208	203	26.5752	30.9198530036842
KIAA1462_TSS30853	0.000718352266067278	0.235509511100802	0.0427533421590226	126	1	0	0.00384368	0.0108146983253589
ARHGAP12_TSS6614,TSS8926	0.000416078595974395	0.245449391278319	0.0318424700350345	207	206	106	1.01833	1.10122146220096
PALD1_TSS29408	0.000328636678086398	0.249620964388525	0.0278155037369749	206	204	133	1.28597	1.40648584066986
SPOCK2_TSS25443,TSS27340	0.000749580495473558	0.234717395193236	0.0436933014178305	209	208	197	5.26395	8.61235243301435
KCNMA1_TSS18323	0.000708439342589134	0.235767602733922	0.0427533421590226	209	208	205	20.4727	23.2479295550239
STAMBPL1_TSS19314	0.000304365868546606	0.250962454820427	0.0270135276594437	205	198	84	0.840054	1.05705898181818
LIPM_TSS32723	8.53376817795341e-06	0.306751635484258	0.00416391766825873	79	1	0	0	0.00293586764542198
ANKRD22_TSS21907	0.000102563864878314	0.269245378055167	0.0148114968935287	200	186	74	0.572189	0.990218796650718
LIPA_TSS12113,TSS12555	9.26984679746149e-05	0.270880126732913	0.0138565236251411	209	209	209	210.252	262.540378947368
PDLIM1_TSS23538	6.44257010925205e-06	-0.31068027922278	0.00382973336192073	209	209	209	160.686	165.61306937799
ENTPD1_TSS23460,TSS4290,TSS7598	8.01560914286186e-05	0.273211970527659	0.0126473447716477	209	209	208	3.94187	3.97986890430622
DUSP5_TSS20173	0.000402493980990577	0.246040643517554	0.0312453560856841	209	209	205	3.38332	3.71189055502392
AFAP1L2_TSS17654	0.000207037943432205	0.257592278793656	0.0211683874882823	155	59	1	0.0416491	0.0904212969856459
CHST15_TSS10984,TSS32347	4.23073145850178e-05	0.283220465376262	0.00873039700901105	199	167	33	0.293577	0.600596514688995
PWWP2B_TSS7889	2.77927896028772e-06	-0.322107271453093	0.00284164598015658	208	208	207	4.56961	4.73575877990431
ADAM8_TSS4574	6.88677079092805e-05	0.275624415357064	0.0114306979342151	208	207	184	2.4087	3.47483703444976
CD81_TSS29419,TSS4378	0.000724005167288776	-0.235363799530588	0.0427533421590226	209	209	209	508.658	516.296110047847
GVINP1_TSS31063	0.000121903740166472	0.266428715135686	0.0160617603216247	209	209	206	3.61006	4.01070779425837
DENND5A_TSS12877	0.000230972319773599	-0.255727930247337	0.0225495233926763	209	209	209	60.6601	60.1269454545455
AMPD3_TSS14989,TSS22629,TSS25071,TSS25967,TSS36176	5.14220448696598e-06	0.313791000342534	0.00345894444450888	208	207	116	1.18702	1.63070045933014
PLEKHA7_TSS5759	2.28632248924005e-05	0.292512327192938	0.00679542897063547	209	209	190	2.03717	2.31282423444976
SVIP_TSS31510	5.78815466549318e-05	0.278359264325098	0.0102743764864355	208	208	203	3.20846	3.63760265550239
SLC43A1_TSS14866,TSS9610	0.000201336184242934	0.258065982948354	0.0207702635928997	188	150	9	0.200723	0.314768272248804
CD6_TSS4778	0.000722205075732842	0.235410085273263	0.0427533421590226	208	208	208	6.57103	9.70740995215311
VWCE_TSS28844	0.000787802024323445	0.233788284278826	0.0452917393929708	125	19	0	0.0112018	0.0338378997607656
SNHG1_TSS30946	0.000109071105978797	0.268245925751092	0.0152347898356505	208	207	207	11.3182	11.5529500971292
RAB1B_TSS31290	0.000372308358520987	-0.24742362958747	0.0296466478260279	209	209	209	61.7647	63.1805550239234
PELI3_TSS14501,TSS28537	2.38324891496026e-08	-0.379351562720977	0.000304591127576496	209	209	209	9.90599	10.3773895215311
CHKA_TSS17108	0.00020040697067395	0.258144365226972	0.0207702635928997	209	206	202	2.82761	2.90369861148325
STARD10_TSS34780	0.000169224826400899	-0.260993332491601	0.0194073045436149	208	206	197	2.23973	2.50997764401914
LAMTOR1_TSS19163	0.000523408458606205	-0.24132197839961	0.0357723091188054	209	209	209	125.068	128.888501913876
P2RY2_TSS10753,TSS13082	0.00011241605789103	0.267753709754531	0.0153661329184631	193	58	0	0.0594966	0.0896739688516746
TPBGL_TSS3084	0.000110094140988401	0.268093900900807	0.0152516389648217	201	187	20	0.401342	0.48734907861244
DGAT2_TSS13748	0.000419294576651015	-0.245312042085451	0.0319928020112734	208	207	203	4.8078	5.35869074832536
GDPD4_TSS6477	0.000381569831228535	0.246988569805083	0.0302897716025856	79	16	0	0	0.0265067373205742
MYO7A_TSS21748,TSS8185	2.22609200869973e-05	0.292908150095811	0.00677394498028258	208	205	105	1.00335	1.57458260555024
SYTL2_TSS15012,TSS1743,TSS3351,TSS9599	0.000401957704480475	0.246064361894908	0.0312453560856841	207	204	97	0.959184	1.18524245933014
ME3_TSS11400,TSS24751,TSS33604	0.00059171618323473	-0.239086609695712	0.0384856421365469	208	208	207	7.3606	7.63107428708134
PVRL1_TSS35475	0.000481439361505837	-0.24283336076222	0.0345676166276705	209	208	208	3.58714	3.63710708277512
ETS1_TSS21595,TSS35401	0.000130001042926447	0.265372123354631	0.0162890032266809	209	209	208	5.38477	8.25492674162679
KCNJ5_TSS12525	0.000855996568090594	0.232229172318748	0.0467429838148191	205	199	122	1.35636	1.81629113909091
ADAMTS15_TSS15906	1.87491131103255e-06	-0.327300522479468	0.00237797692362631	206	203	144	1.39914	1.58770605837321
FKBP4_TSS14849	0.000171569823937714	-0.260762701808274	0.0194073045436149	209	209	209	9.56476	9.79285961722488
CCND2_TSS27869	0.00010569958071272	0.268756568780202	0.0151571870013963	208	208	166	1.59757	2.15908054066986
ENO2_TSS27326	5.94639316860265e-05	0.277936705863052	0.0104066194108889	204	197	86	0.810917	1.11595570287081
CLSTN3_TSS25679	0.000750415058973733	0.234696646412037	0.0436933014178305	209	208	194	2.75558	3.50686680669856
C1RL_TSS36204	9.60741301649104e-05	-0.270303151009572	0.0141135105812947	209	209	209	16.2863	16.677969138756
KLRB1_TSS24007	6.63550628464911e-05	0.276211726516323	0.0111619221878353	202	202	182	3.82605	6.61825223923445
LOC374443_TSS10607,TSS10875,TSS25587,TSS25811,TSS26348	4.4422649233761e-06	0.315791316644319	0.00324424953446904	206	206	142	1.27649	1.70668065550239
A2M_TSS30411	8.84231630376551e-06	0.306251212466845	0.00416391766825873	209	209	208	20.5893	25.2833657799043
CLEC2D_TSS13210	3.18278903668068e-05	0.287558156666659	0.00789241781549392	209	209	151	1.65955	2.39925194258373
KLRD1_TSS26063,TSS36364	0.000577820728269857	0.239521281861336	0.0379683178285496	198	183	41	0.427156	0.736513836650718
SLC38A1_TSS10899,TSS19178,TSS5709	0.000349249972060386	0.248552044072676	0.0287177656817292	209	207	131	1.38788	2.13238356363636
ADCY6_TSS4650	5.46499172486738e-05	-0.279257070332989	0.00999138840960277	202	176	13	0.232584	0.363640475741627
CACNB3_TSS13201,TSS21770,TSS33658	7.69528532876172e-05	-0.273862365015243	0.012473406035458	209	209	208	9.62798	10.621768861244
FKBP11_TSS14833,TSS9581	0.000115880288898516	0.267258189223509	0.0156999332542305	204	203	195	3.50919	4.05997099330144
GALNT6_TSS20693	5.98479344861575e-05	-0.277835756614847	0.0104066194108889	209	209	209	17.9184	18.4286615789474
KRT1_TSS36389	0.000111129223298332	0.267941426064389	0.0152719036383262	84	18	0	0	0.0281095364114833
NFE2_TSS25490,TSS3434	3.55818453484678e-06	-0.318797840851857	0.00320545937275026	208	207	205	7.90111	8.5213067291866
METTL7B_TSS34515	4.41702712493729e-05	0.282557459720614	0.00875883711475371	118	80	10	0.0405179	0.180919493779904
SLC16A7_TSS22722,TSS25486	0.000150402549997336	0.262960766601587	0.0181341489645373	204	168	3	0.19704	0.250628462440191
IFNG_TSS15869	0.000318743597656871	0.250156282670531	0.0275925093226358	204	200	143	2.25826	4.67213829617225
PLXNC1_TSS1135,TSS5112	6.71734853066482e-06	0.310100111379255	0.00385499135886099	209	209	178	2.22571	2.99771364114833
ALDH1L2_TSS13304	0.000201130700061072	0.258083287136821	0.0207702635928997	206	181	3	0.286053	0.314932779712919
CMKLR1_TSS22814,TSS7058	2.34387404840614e-07	0.35326076839331	0.000612638734948525	209	208	172	2.14495	3.48928969138756
SELPLG_TSS11918,TSS24366	0.000107520891406043	-0.268478854324155	0.0151571870013963	209	209	209	141.883	148.833581818182
TPCN1_TSS13472,TSS23287	1.76532383432713e-05	0.29632222890243	0.00601645900389811	207	206	101	0.964829	1.41755153444976
SDS_TSS12760	2.85680825143238e-05	0.289186492027413	0.00768060300992515	199	192	114	1.11377	2.37169808755981
PXN_TSS25869,TSS31433	0.000698304341147678	0.236034942799371	0.0425998980049542	208	206	185	2.35243	3.19977445574163
OASL_TSS32620	0.000272080452591117	-0.252910086154507	0.0251093504136198	209	209	209	85.4727	90.3652598086124
HIP1R_TSS21369,TSS28145	1.88306403067562e-05	0.295376082718734	0.00629619992738396	206	187	29	0.344851	0.538868724784689
LATS2_TSS35058	0.00012671340306672	-0.265793483218979	0.0161483033856943	209	209	208	5.15263	5.11747718660287
GSX1_TSS19594	0.000563959829239908	-0.23996460538404	0.0373455367751329	18	1	0	0	0.00547371961722488
SLC7A1_TSS3015	0.000127614619299333	0.265676970832247	0.0161483033856943	209	209	203	2.52784	2.55805097129187
LHFP_TSS1180	2.64666052503771e-05	0.290331928704592	0.00743420765719657	112	24	1	0.0148828	0.0502691993301435
LPAR6_TSS25909,TSS5480,TSS7289	2.39677138980683e-07	0.352994226357908	0.000612638734948525	209	209	208	7.16187	7.51318003827751
RCBTB2_TSS14470	0.000124009165872303	0.266147808559454	0.0161483033856943	209	209	209	6.91756	6.95203234449761
SLAIN1_TSS11653,TSS1730,TSS20020	0.00043666498894458	0.244586645087516	0.0325410897446426	195	181	18	0.342433	0.458287076555024
SPRY2_TSS27001	1.54524010010721e-05	0.298263030097491	0.0055643611685874	198	190	71	0.662398	0.936608148325359
DOCK9_TSS26804,TSS28758	0.000896858123169739	0.231348910368586	0.0479917838445581	208	197	53	0.477498	0.718512407177033
GPR183_TSS5088	0.000557166139774436	0.240185583206401	0.0372819992114512	208	207	190	2.7018	3.60545477751196
IRS2_TSS5397	0.000341480782672883	-0.248947866975549	0.0284974258771091	209	209	209	14.0603	14.2529357894737
JPH4_TSS6975	1.07766733881465e-05	-0.303446934884799	0.00459104247457354	208	207	206	2.89963	2.91742471770335
GZMH_TSS23901	0.000371953931848099	0.247440477579769	0.0296466478260279	205	204	164	3.41181	6.27305045311005
GNG2_TSS18014	3.22539919649384e-05	0.287357053095039	0.00789241781549392	209	208	170	2.26327	3.3047382277512
GCH1_TSS30510	0.000445489389825764	0.244228317282828	0.0329680454433622	209	209	204	4.72506	5.4735436937799
SYNE2_TSS16945,TSS1711,TSS22406	0.00053709059298553	0.24085344821781	0.0362231468266574	209	209	168	2.43776	3.86285644976077
FUT8-AS1_TSS4853	0.000314990430194063	0.250363415130117	0.0275925093226358	182	86	0	0.072547	0.113088761244019
ZFP36L1_TSS13769,TSS28851	5.1766364777361e-05	0.280101363915766	0.00958840615995742	209	209	209	18.7517	21.3846675598086
ACTN1_TSS28320	4.27189611059969e-05	-0.283071631747404	0.0087355149186431	209	209	209	100.344	102.136083732057
ZFYVE1_TSS22146,TSS2306	0.000461765689083634	-0.243584307035613	0.0336273298537514	209	209	209	7.28353	7.31582799043062
TMEM63C_TSS15614	1.13872640722911e-05	0.302660568213108	0.00477163699921036	180	85	4	0.0691611	0.160043306172249
TTC7B_TSS12377	0.00080691293186718	-0.233339197303596	0.0457603554559854	209	209	209	12.9763	12.8840138755981
GPR68_TSS16190,TSS35383	0.000339191993019273	0.249066070613539	0.0284265132248054	205	201	106	1.01093	1.51351318229665
CCDC88C_TSS12116	0.000710238300557323	0.235720518961201	0.0427533421590226	208	208	138	1.32026	1.94459071291866
CATSPERB_TSS22716	0.000471668609583832	0.243202686099034	0.0342509128681032	97	9	0	0	0.0232445113397129
TC2N_TSS15706,TSS15930	1.18847240741914e-05	0.302048894567088	0.00489976503323236	207	205	109	1.03737	1.86901702105263
LGMN_TSS835	0.00052239866151729	0.241357005176908	0.0357723091188054	209	209	209	43.2905	53.7584148325359
BCL11B_TSS27034	0.000253926305876787	0.254101909525424	0.024128662842069	206	198	73	0.633631	1.15132941727273
INF2_TSS25474	2.32324609337301e-05	-0.292274514239196	0.00682580383824223	209	209	209	36.8217	37.8844966507177
GPR132_TSS30533	1.97232483284773e-05	0.294695362112897	0.00638159431043302	206	203	128	1.18441	1.54090603162679
FMN1_TSS31659,TSS32621	0.000167140742614754	0.261200820303591	0.0194073045436149	208	201	30	0.44737	0.619375437129187
RASGRP1_TSS8855	0.000189937447965711	0.259051725389404	0.0205918784816058	209	209	163	2.0543	3.19589926794258
CHST14_TSS1345	0.000173828389266609	-0.260543336983634	0.0194073045436149	209	209	208	10.6844	10.8489109760766
EIF3J-AS1_TSS15130,TSS5671	0.000449073049856715	0.244084671874527	0.0330407513332831	208	208	201	2.43379	2.62352895215311
PATL2_TSS11322	0.000477417459117373	0.242984537005007	0.0345127896717971	206	206	167	1.52309	1.89272934449761
GATM_TSS21952	3.91523565139598e-06	0.317506285673561	0.00324424953446904	206	204	160	1.71601	2.04519791196172
C15orf48_TSS10458	0.000491466782209192	0.24246147876073	0.0348102436232082	209	209	207	16.5195	21.2813681722488
HDC_TSS34170	0.000511173270470215	0.241750655326003	0.0356937100382748	170	109	14	0.113993	0.282436161004785
DAPK2_TSS33783	3.40406050400846e-05	0.286540231489892	0.00789902562535361	200	183	77	0.59444	1.18065313827751
LOXL1-AS1_TSS1251,TSS13349,TSS25298	0.000642244435728556	0.237581700424652	0.0404104194978093	168	116	3	0.126512	0.197257825837321
CSPG4_TSS34313	1.59106125672876e-09	-0.407547560310294	4.06691167832438e-05	209	208	183	2.69232	3.15999306555024
ODF3L1_TSS109	0.000511282383673432	-0.241746790627922	0.0356937100382748	206	205	180	2.3205	2.74379872583732
PSTPIP1_TSS3455	0.000245575402235961	0.254677016010822	0.0236873692700129	207	207	207	5.80971	7.30585961722488
ISG20_TSS31978,TSS7565	0.000346279067783707	0.2487024304878	0.028644787222069	206	206	199	4.15741	6.05581267464115
ANPEP_TSS33055	0.000191415408170793	-0.258920848461841	0.0205918784816058	209	209	209	62.782	65.8951355023923
LINC01578_TSS15267,TSS5329	0.000387433245012935	0.246718171026705	0.0305653739993075	208	208	208	13.4016	13.441356937799
MSRB1_TSS18648	2.5256719614159e-06	-0.323378533316554	0.00268994587523966	209	209	209	31.2292	32.204883062201
NLRC3_TSS14670	5.59942395645879e-05	0.278877684853295	0.0100614692500795	207	206	130	1.43093	2.4020147384689
ADCY9_TSS3133	1.79172944207628e-06	-0.327893106878954	0.00237797692362631	207	207	205	2.88791	2.93499788995215
XYLT1_TSS26523	5.62884903861884e-05	0.278795786760322	0.0100614692500795	208	204	44	0.561298	0.691048080191388
SYT17_TSS11870,TSS5945	0.000201518930051216	0.258050607427614	0.0207702635928997	198	162	20	0.288448	0.409007950526316
RRN3P1_TSS34716	8.12418930482396e-06	0.307443112356322	0.00415324805641211	206	201	106	1.01616	1.14010458803828
PRKCB_TSS17400	0.000130993900395138	0.265246832637391	0.0163333418926835	208	208	158	1.70821	2.24461156937799
GGA2_TSS21779	0.000107605332409345	-0.268466085843417	0.0151571870013963	209	209	209	82.3653	82.7998626794258
IL21R_TSS14281,TSS4541	1.60481196768313e-06	0.32932663427844	0.00237797692362631	205	199	100	0.959957	1.46859268709183
SEPT1_TSS3220	0.000270029455645641	0.25304096308207	0.0251093504136198	208	208	196	4.81238	8.13327097129187
AMFR_TSS30832	0.000653552768640281	-0.237259918920156	0.0406458937207158	209	209	209	30.0196	29.8232066985646
CES1_TSS31413	0.000484710550824705	-0.242711262165164	0.0346080625408667	209	209	209	233.79	241.076084688995
NLRC5_TSS42	0.000199888387901732	0.258188256879508	0.0207702635928997	209	209	209	9.59746	11.2534526794258
B3GNT9_TSS35875	0.000746456732935732	0.234795247134697	0.0436617403903209	205	190	22	0.428416	0.51512505657807
RLTPR_TSS13878	0.000231132394228754	0.255716078836617	0.0225495233926763	205	201	76	0.719954	1.15574890861244
ST3GAL2_TSS11591	0.00031664376715133	-0.250271888576469	0.0275925093226358	209	209	209	15.3721	15.6850083732057
ZNRF1_TSS35402	0.000403386702721949	0.246001225230036	0.0312453560856841	205	201	58	0.664654	0.912066740047847
BCAR1_TSS11528,TSS12694,TSS13521,TSS29281,TSS29637,TSS6650,TSS7009	2.82093975813743e-07	-0.35104064880502	0.000655509465070461	209	209	209	9.10515	9.67724
WWOX_TSS17988	0.000535559695936306	-0.240905320170807	0.0362154534069522	208	208	200	2.04983	2.17855337320574
SLC7A5_TSS11446	0.000605875470553996	0.238653279380672	0.0386272841026212	208	207	172	1.86702	2.54794016555024
CPNE7_TSS19730	0.000303238338416345	0.251027164119128	0.0270072305514292	200	180	77	0.607079	1.38269142057416
SPIRE2_TSS12543	7.72343194611591e-05	-0.273804207015633	0.012473406035458	207	207	206	5.59326	5.68016766028708
FAM101B_TSS30306	0.000757270722115791	0.234527002443856	0.0439922657454585	206	204	149	1.69692	2.57768335741627
SCARF1_TSS19186	1.95366047479177e-06	0.326762180712079	0.00237797692362631	209	208	197	2.52465	2.6606847784689
ATP2A3_TSS26016	0.000445310904130769	0.244235499553243	0.0329680454433622	209	209	192	3.18073	4.74448931578947
CLEC10A_TSS21185	3.81384226102189e-05	0.284809741187841	0.00832858924536602	209	208	192	3.33101	4.40404494688995
ACAP1_TSS17528	4.80040929661226e-05	0.281272073993416	0.00923893282318618	209	209	199	4.26146	7.29895793301435
CHD3_TSS13044,TSS18390	1.99820850400541e-05	0.294503412157994	0.0063845259463603	209	208	205	3.67107	4.55627856215311
PIK3R6_TSS30017	2.02516266858757e-05	0.294306005267848	0.00639076332984777	207	201	131	1.17859	1.45517254354067
GSG1L2_TSS28754	0.000782015402860504	0.233926244109865	0.0451221122178721	23	0	0	0	0.00580723157894737
HS3ST3B1_TSS7808	3.26613553620839e-05	0.287167121944063	0.00789241781549392	208	196	28	0.365773	0.529076080956938
PLD6_TSS13802	3.42684606858084e-05	0.286438978957566	0.00789902562535361	204	198	34	0.497621	0.65708346076555
EPN2_TSS32081	0.000127150919514221	-0.265736823085705	0.0161483033856943	208	207	204	2.84046	2.82186964162679
SPECC1_TSS11661,TSS21829,TSS9232	6.2340435194972e-05	0.277194938487817	0.0107667828649911	209	204	136	1.20581	1.33966531100478
ADAP2_TSS24562	0.000352349082031298	0.248396428213684	0.0288434260524796	209	209	209	19.87	20.1971597607656
RAB11FIP4_TSS21984,TSS33478	0.000296745438410535	-0.251404203457489	0.0265213641650758	209	209	208	3.99309	4.3094913492823
SLFN12L_TSS15211	0.000819253811254523	0.233054376117552	0.0461254331926803	204	199	112	1.07289	1.80124513732057
SLFN13_TSS13120	0.000199530825550066	0.258218582021261	0.0207702635928997	209	209	204	1.88879	2.00201014832536
MLLT6_TSS15448	0.000317267342737556	0.25023748353007	0.0275925093226358	209	209	209	7.10136	7.83620688995215
LINC00672_TSS26469	0.00017386928291099	0.260539389733087	0.0194073045436149	205	182	4	0.284914	0.333905639856459
PLXDC1_TSS22967	0.000525919697185077	0.24123514146878	0.0357738350142415	203	138	11	0.170586	0.307492113971292
IKZF3_TSS27733,TSS29524	6.5846794355833e-05	0.276333066038013	0.0111619221878353	209	207	138	1.4621	2.46949757607655
RARA_TSS19901,TSS20305,TSS8154	0.000599996937337659	-0.238832038111002	0.0385339741590148	209	209	209	47.1502	47.252980861244
AOC3_TSS29860,TSS5849	5.97382833938374e-06	-0.311726496613236	0.00382362322035123	209	209	209	52.3673	58.1172094736842
VAT1_TSS11282	7.76925884441189e-05	-0.273709941276435	0.012473406035458	209	209	209	155.438	158.114815789474
RNU2-1_TSS15204	0.000853894888863332	0.232275486284996	0.0467429838148191	146	146	146	1.88449	7.64778751196172
OSBPL7_TSS26695	9.40900252289007e-06	0.305373800523293	0.00429470559799273	201	194	35	0.460844	0.656586159904306
PHOSPHO1_TSS30042	0.000110385086987677	0.268050907368202	0.0152516389648217	202	191	73	0.691926	0.881664710047847
GNGT2_TSS33744,TSS34603,TSS524	1.57601921747825e-05	0.297976438918684	0.0055643611685874	208	208	207	13.478	14.0552684545455
FAM117A_TSS22944	0.000412788986933776	0.245590906874484	0.0316855834685112	206	206	188	2.0216	2.64654305741627
DLX3_TSS20775	5.20393076800502e-07	-0.34357887500124	0.00102321287969982	194	172	32	0.427603	0.569069438277512
HLF_TSS22427	3.15187409204452e-05	0.287705658811541	0.00789241781549392	195	131	13	0.154282	0.305211244497608
MRC2_TSS16228	5.84572389493943e-08	0.369384697331541	0.000465477622312964	206	188	41	0.393815	0.637445139665072
LIMD2_TSS20325	0.000181480121972519	0.259819430293766	0.0199090703765646	209	208	181	2.42225	3.99351186889952
CDC42EP4_TSS27099	1.13091955002732e-07	-0.361833207148672	0.000566103232756858	209	209	209	6.66922	7.1184123923445
FAM20A_TSS19359,TSS6805	2.72848724962309e-05	0.289876051751056	0.00749923253630277	206	201	57	0.611654	0.891293261244019
CD300LB_TSS26205	0.000309307870773718	0.250681434577391	0.0272628223615414	202	196	42	0.551011	0.801711507177034
CDR2L_TSS21777	0.000904745725173018	-0.231183251753988	0.0482801784575105	206	197	22	0.530372	0.564477222966507
RAB37_TSS25713,TSS35887,TSS6121	0.000449833005906753	0.244054346732775	0.0330407513332831	208	205	123	1.23438	1.73791939473684
TRIM47_TSS25847	8.95956620453934e-06	0.306065381229605	0.00416391766825873	207	205	191	2.10838	2.53512616526316
SLC26A11_TSS13292	9.25654153313569e-05	0.27090326960425	0.0138565236251411	209	209	209	7.34484	8.04649248803828
ZNF521_TSS24127	0.000479325548041469	-0.24291266890695	0.0345127896717971	172	54	0	0.0415418	0.079212235215311
SLC14A1_TSS33150,TSS620,TSS622	0.000591521494620912	0.239092634431977	0.0384856421365469	145	42	1	0.0234236	0.0645649126794258
PSTPIP2_TSS28471	2.88462066802087e-05	0.28904089649234	0.00768060300992515	209	209	204	4.53493	5.09686786602871
TCF4_TSS1890,TSS19101,TSS27183,TSS28651,TSS32658,TSS33580,TSS34348,TSS36266,TSS3791	6.72971353882187e-05	0.275989115088138	0.0112430201154134	208	207	56	0.726567	0.796748794258373
TNFRSF11A_TSS13281	0.000645007077336579	0.237502608816682	0.0404104194978093	199	136	4	0.154303	0.224221657464115
BCL2_TSS20723	6.786691097717e-06	0.309957264001	0.00385499135886099	208	206	170	1.81542	2.25534995598086
CD226_TSS14812,TSS30052	0.000121292850965656	0.266511069984292	0.0160617603216247	205	202	116	1.21365	1.7766807861244
TLE2_TSS30939,TSS33034,TSS33928,TSS5951	0.000422147198685099	-0.245191026061807	0.0321145968618744	203	191	52	0.478286	0.704365190430622
SLC25A23_TSS11735	0.000830298166922354	0.232802808391655	0.0462801278270529	202	156	14	0.189385	0.338822725311005
CD209_TSS28230	0.000457814834037001	0.243738676480407	0.0335306732745553	206	204	162	1.55623	1.93593523923445
MCEMP1_TSS14115	0.000259243598542528	-0.253744825582743	0.0244473353316532	209	209	209	497.921	493.479799043062
S1PR2_TSS26080	0.000831054288667004	0.232785698385314	0.0462801278270529	206	205	107	1.03218	1.09198094449761
DOCK6_TSS22304	0.000217699714579321	-0.256738236285718	0.0218465936017924	208	201	17	0.498116	0.57115122784689
CYP4F22_TSS6115	0.000718616416443768	0.235502678739666	0.0427533421590226	188	137	17	0.189949	0.34141741062201
RASAL3_TSS30975	0.000849531132542869	0.232371984887705	0.0467429838148191	209	209	209	4.64307	6.0760952631579
OCEL1_TSS3777	0.000214293786755046	-0.257006743060298	0.0216504485503784	206	206	206	8.85152	9.14657693779904
JAK3_TSS2274	6.63750312018685e-05	0.276206977290727	0.0111619221878353	209	207	159	1.91512	3.17893387751196
SPINT2_TSS17599	0.000670083600505424	-0.236798657553502	0.041322227724038	209	209	209	47.3057	49.2794631578947
RASGRP4_TSS24505	0.000132032201829485	-0.265116753739874	0.0163828888881721	209	209	209	12.5943	12.9323371291866
ACTN4_TSS9698	0.000569192980811735	-0.239796058406708	0.0374977880993009	209	209	209	99.4658	101.073481339713
PLEKHG2_TSS293	0.000176644577819803	0.260273509390005	0.0196313567550086	208	206	48	0.665881	0.854150162679426
GSK3A_TSS3532	0.000823795207266652	-0.232950556671138	0.0462791852592151	209	209	209	22.802	22.9159132535885
DMWD_TSS7973	0.000599113344510234	0.238859046796351	0.0385339741590148	194	170	15	0.243932	0.39698447138756
IZUMO1_TSS15788	0.000317597780914736	0.250219277452652	0.0275925093226358	26	1	0	0	0.00386260861244019
NUCB1_TSS5260	0.000725373512515703	-0.235328686208559	0.0427533421590226	209	209	209	173.099	178.709715311005
NR1H2_TSS3427	0.000436196074708916	-0.244605873217067	0.0325410897446426	209	209	209	39.2866	40.2547746411483
NLRP12_TSS1668	7.55651519564346e-05	-0.274152049921982	0.0124614248332802	209	209	206	3.89009	4.21823758373206
OSCAR_TSS34207	0.000788499042677204	-0.23377172958859	0.0452917393929708	209	209	209	78.2697	79.9575966507177
TNNT1_TSS4817	0.000201259050699336	-0.258072476569949	0.0207702635928997	200	193	126	1.50641	2.61400962440191
PTPRH_TSS2352	9.73449559699604e-05	-0.270090850398641	0.0142184823974181	189	130	3	0.160025	0.212957295215311
ANGPT4_TSS20384	6.01465433639523e-06	-0.311632329067795	0.00382362322035123	208	208	207	13.0669	14.0791536650718
C20orf202_TSS19400	7.66830525135792e-06	-0.308252782370468	0.0040835323027075	207	201	142	1.5361	1.7288195861244
RASSF2_TSS28636,TSS36094	2.39082401840452e-05	0.291848366194571	0.00686650030724023	209	209	197	3.1514	4.31977766985646
JAG1_TSS33020	0.000406546011897213	-0.245862371975289	0.0313949323568117	207	205	195	1.73481	1.80154308277512
EDEM2_TSS6274	0.000320102085180961	-0.250081867671078	0.0275925093226358	209	209	209	78.9572	81.3121057416268
EPB41L1_TSS2096,TSS23183,TSS2810	7.76692495271915e-05	-0.273714729456712	0.012473406035458	209	209	209	15.9119	15.9710020574163
SLA2_TSS26439	0.000293172371003914	0.251614973625748	0.0263865456874332	207	206	146	1.78232	2.80458343923445
PPP1R16B_TSS11572	0.000217944578399009	0.256719083564612	0.0218465936017924	209	208	163	2.09606	3.41611994497608
PLCG1_TSS1695	0.000196914486094296	0.258442030434173	0.0207702635928997	209	209	209	4.00441	5.23605277511962
SDC4_TSS35139	0.000107922539581946	0.26841820404065	0.0151571870013963	209	209	207	10.0712	10.6220354258373
BCAS4_TSS29336	0.000164769227811624	0.261439883112369	0.0194073045436149	147	106	14	0.106783	0.305595427751196
NFATC2_TSS11321,TSS27718	4.21123920556976e-06	0.316517869010108	0.00324424953446904	208	207	152	1.65408	2.52637979569378
CASS4_TSS28755,TSS30185	0.000503429553710275	0.242026899575928	0.0354494843591965	206	203	97	0.953591	1.363749345311
SAMSN1_TSS24759,TSS34409	0.000933637505270441	0.230587589704593	0.0493212235038211	209	209	208	9.38297	10.017930492823
DOPEY2_TSS32790	0.000897463819009379	0.231336141887849	0.0479917838445581	209	209	209	7.38698	7.38002148325359
UBASH3A_TSS7178	0.000147647460670214	0.263267864245832	0.017886335271049	205	199	121	1.3045	2.02666295167464
TRPM2_TSS9091	0.000240610536564782	0.255027625706867	0.0233849654948	206	201	115	1.13557	1.80009315526316
ADARB1_TSS4654	5.03865800882827e-05	0.280521127720022	0.00950075477024009	209	206	99	0.923525	1.2600801715311
IGLL5_TSS8005	0.000124648273078953	0.266063421243559	0.0161483033856943	174	157	70	0.527826	3.12416354019139
UPB1_TSS5346	7.85697667698997e-06	0.307912295817232	0.00409861593552124	93	19	0	0	0.0365739837320574
ADORA2A_TSS17679,TSS2251,TSS24762	1.44211905633295e-05	0.299264225640584	0.00550179182073532	203	173	79	0.59649	1.10821974332666
MIAT_TSS7965	0.000857812657681977	0.232189236007145	0.0467429838148191	209	207	137	1.58455	3.0678700110048
TOM1_TSS10510,TSS30010	0.000694766368256555	-0.236129110344812	0.0425873456570882	209	209	209	34.9274	35.1671015789474
APOBEC3D_TSS17192	0.000853082625258943	0.232293413967849	0.0467429838148191	205	198	83	0.778644	1.13884448277512
APOBEC3G_TSS23486	0.000271867177974112	0.252923652665291	0.0251093504136198	209	209	209	17.5753	20.5898524401914
GRAP2_TSS24773,TSS26141,TSS3784,TSS7350	0.000852105144038579	0.232315009053991	0.0467429838148191	208	206	142	1.65901	2.64227506325359
P2RY8_TSS20289	0.000279618109982652	0.252436854337161	0.025435297186002	208	206	126	1.28026	2.14348618191388
MID1_TSS10041,TSS2382,TSS25382,TSS25577,TSS34686	0.000924030552991431	-0.230783751825574	0.049002375446087	202	128	2	0.126006	0.167159646985646
PTCHD1_TSS9801	0.000714727840154972	0.235603493124064	0.0427533421590226	46	0	0	0	0.00198177076555024
SRPX_TSS11012	0.000172370525992019	0.260684626247947	0.0194073045436149	80	27	0	0	0.042183509569378
SYTL5_TSS2429,TSS29800	8.48911871816761e-05	0.272293877847919	0.0130966795665006	78	4	0	0	0.0121195310526316
IQSEC2_TSS24617,TSS3634	0.000200520282592523	-0.258134788866419	0.0207702635928997	209	209	209	21.9236	22.1192535406699
OGT_TSS6961	0.000920450898618355	0.23085732386018	0.0489140237413384	209	209	209	25.3724	26.0269545933014
GPR174_TSS27218	0.000282595327323589	0.252253199898126	0.0256149615663768	191	184	91	0.818488	1.39493388133971
P2RY10_TSS25200	0.000430701087122213	0.24483263734081	0.0324753701708876	199	195	91	0.874331	1.33818824784689
ITM2A_TSS6954	0.000411966195627273	0.24562646592362	0.0316855834685112	209	206	158	2.00753	3.40745899043062
PLS3_TSS14779,TSS30725	0.000127159984433769	0.265735651071862	0.0161483033856943	201	191	34	0.403989	0.581924629712919
SH2D1A_TSS30904	4.43009535274466e-05	0.282511945074968	0.00875883711475371	201	188	76	0.663915	1.12194827703349
DDX26B_TSS25422	1.06261746286945e-05	0.303647240426373	0.00459104247457354	209	209	201	2.27777	2.4835429569378
LINC00892_TSS8696	0.000191122104385283	0.258946746070723	0.0205918784816058	194	189	138	1.99759	3.28916700717703
FHL1_TSS10004,TSS15569,TSS18174,TSS32008,TSS33805,TSS765,TSS7962	1.328828839459e-07	-0.359957836540303	0.000566103232756858	209	209	209	82.498	85.7244406698565
FAM224B_TSS33680	0.000717830946212488	0.235523002059584	0.0427533421590226	9	3	0	0	0.00237649162679426
FAM224A_TSS24298	0.000726610133006615	0.235297005591798	0.0427533421590226	9	6	0	0	0.00467250754296651
UTY_TSS10258	0.00051760354164699	0.241524192831673	0.0356937100382748	142	97	96	0.0182842	1.94158542181818
