gene_names	pvalue	corr_coef	fdr	fpkm>0_num	fpkm>0.1_num	fpkm>1_num	fpkm_median	fpkm_mean
NPHP4_TSS12055	0.000114881412875712	-0.267399629145999	0.0184780621861317	209	208	208	2.85768	2.94170809617225
KIF1B_TSS22429	0.000533398095003765	0.240978796479828	0.0336886256164961	209	209	209	4.81349	4.90058684210526
EPHB2_TSS34152	0.00106122652927514	0.228144607435454	0.045050014050837	200	140	1	0.145627	0.191807533205742
PNRC2_TSS27984	0.000149455241277335	0.263065761574751	0.0208336017762531	209	209	209	21.1237	20.9209825358852
SRSF10_TSS20037	0.000360406850681178	0.247997692005444	0.0287181652870826	209	209	209	6.42211	6.53058803827751
RCAN3_TSS1899,TSS22136,TSS24966,TSS25402	0.000904697728830226	0.231184255768807	0.0419599675290076	209	209	209	7.4466	7.60413133971292
PIGV_TSS12266,TSS30310	0.000443171824052982	-0.244321784329104	0.0314664305406063	208	208	207	5.86591	5.941915
SLC9A1_TSS20166	8.1276028865948e-05	-0.272990318312909	0.01662407034384	209	209	209	21.6485	21.91691784689
TMEM39B_TSS14626	3.30653956978813e-05	-0.286980933728115	0.0121416524746914	209	209	208	9.47906	9.6996794354067
MARCKSL1_TSS5912	0.00115837606373507	0.226459242762896	0.0461990786769779	203	202	154	1.46816	1.8643026861244
SFPQ_TSS16816	0.00101873599315643	0.228926704752148	0.0440607626414069	209	209	209	20.7447	20.5101801913876
RLF_TSS8090	0.000682692192318902	0.236453844747484	0.0372390772976869	208	208	204	2.86103	2.84610628229665
ST3GAL3_TSS975	6.73918451895469e-05	-0.275966897358435	0.0152442739370797	208	206	205	2.96725	3.15579304114833
LRRC41_TSS21960	0.00108224090828739	-0.227768380146742	0.045050014050837	209	209	209	17.8322	18.019628708134
POMGNT1_TSS19071,TSS30918,TSS31219	0.000623649197714828	-0.238122383762414	0.035742370275311	209	209	209	17.5123	17.9217520574163
STIL_TSS20925	0.000220636979791043	0.256509801903336	0.0231551844746109	208	206	58	0.786486	0.817959026315789
CC2D1B_TSS28964	0.000259522614904397	-0.253726276958712	0.0247524535804899	209	209	209	8.13207	8.18862976076555
LRP8_TSS2911	0.000180549040626644	0.259905978127351	0.0219762572736079	208	207	93	0.957771	1.08099998133971
PPAP2B_TSS6393	0.000598466549411861	0.238878840647578	0.0353293583157864	209	209	209	12.7149	13.742394354067
C8B_TSS26053	0.00129794423530497	-0.224252037594616	0.048362613117537	209	209	206	35.4172	40.2890437033493
AK4_TSS19216,TSS26102,TSS34022	0.00031146270091391	0.250560207299583	0.0269625115968818	187	42	1	0.044879	0.0775098831100478
SLC35D1_TSS20664	0.000635379172503622	0.237779614236325	0.0359543324194447	209	209	196	2.05839	2.0270500430622
DEPDC1_TSS4155	0.00130222545454158	0.22418783358188	0.0483698932875415	205	190	8	0.34491	0.405307025837321
ZZZ3_TSS15368,TSS7709	0.000204328153091741	0.257815871994126	0.0228071262933537	209	209	206	3.20039	3.18088983253589
FAM73A_TSS21742	0.0012020626766666	0.225743282027086	0.0465875841757227	209	209	192	1.9123	1.98475755502392
PRKACB_TSS13656,TSS17600,TSS33309,TSS4710,TSS4760	0.000486750226471219	0.242635515855927	0.0327878265333368	209	209	208	15.2735	16.2638770956938
ZNF644_TSS23073,TSS30636	0.000568184180480536	0.239828437642748	0.0345794186601499	209	209	207	3.89698	4.04781623444976
FNBP1L_TSS11879	0.000474522388042517	0.243094089175278	0.0325035427949965	194	135	0	0.14529	0.175521418373206
HIAT1_TSS1052	0.000240959015622763	0.255002797952425	0.0237276904813522	209	209	209	13.4203	13.6075564593301
LRRC39_TSS35021	0.000171211129694691	0.260797788055214	0.0216184067865948	203	155	4	0.265086	0.319022677371229
RTCA_TSS8279	0.000476018878384591	0.24303738357617	0.0325035427949965	208	208	208	7.01029	6.9999143062201
SLC30A7_TSS26730,TSS32942	0.00133851767637241	0.223651205954056	0.0485992192127205	209	209	209	4.8193	4.78466349282297
GPSM2_TSS34100	0.000368698812231156	0.247595913079939	0.0289255068800143	207	204	148	1.32164	1.38388061626794
CLCC1_TSS29672,TSS3430	0.0012293606670699	0.225307925330156	0.0467614404925202	209	209	209	4.91165	4.90519215311005
GNAI3_TSS27005	1.87339051722996e-05	0.295451677927942	0.00978471017506324	209	209	209	13.4383	13.6272322488038
CTTNBP2NL_TSS3329	0.000791527711163517	0.233699952711199	0.0395934243151676	209	209	208	4.63441	4.64087275119617
NRAS_TSS12586	0.000370719011415622	0.247499297234751	0.0289255068800143	209	209	209	9.74703	10.1521526794258
VANGL1_TSS15592,TSS28456	0.00133609130125542	0.223686664870548	0.0485801276691177	209	209	105	1.01234	1.049793784689
ACP6_TSS30378	0.00107097057864034	-0.227969314006863	0.045050014050837	209	209	207	4.78681	4.93195836842105
ANP32E_TSS17471,TSS22058	0.00107240097701592	0.227943704789397	0.045050014050837	209	209	209	6.25071	6.42574215311005
SPRR2D_TSS2424	0.00104933890856042	0.228360475688193	0.0447035864028547	29	22	5	0	0.278821113397129
IL6R_TSS1917	0.00120291872602703	0.22572949244845	0.0465875841757227	209	209	208	4.6504	4.96279679425837
ZBTB7B_TSS34301	0.000130777505344649	-0.265274064096283	0.0197067192640462	209	209	208	20.8372	21.1406507272727
EFNA4_TSS9569	0.000288106001252152	-0.251917962562363	0.0262381423976498	207	207	207	4.94206	5.21590770334928
APOA1BP_TSS21697	0.00105741455164931	-0.228213586542697	0.0449726678114941	209	209	209	25.793	27.6733545933014
RRNAD1_TSS6946	2.00106654087247e-05	-0.294482361586689	0.00978471017506324	209	209	209	7.76621	8.29190755980861
IGSF8_TSS1267,TSS25917	0.00123737140898359	-0.225181849182629	0.0469264845475217	209	209	208	10.7403	11.2037876794258
CD84_TSS10719	0.000518440145972535	0.241494920708767	0.0334642640686969	209	209	209	10.9982	12.0963051674641
PVRL4_TSS17869	0.000954653955325695	0.230164850885625	0.0427353936113487	201	137	2	0.147953	0.195467274401914
NIT1_TSS11734,TSS11738,TSS21757	0.00038732472583227	-0.246723140951536	0.0293780632551889	208	208	208	17.2671	17.5323038277512
ABL2_TSS10859,TSS4505	0.000315697992363564	0.250324190915282	0.0269884828856357	209	209	208	2.76612	2.85878289473684
SOAT1_TSS21005	0.000287096264526839	0.251978940351577	0.0262381423976498	209	209	209	16.6781	16.8918850239234
NPL_TSS29547	0.00118965201835342	0.225944215887207	0.04645857937574	209	209	209	21.2587	22.2459213875598
RGL1_TSS21741,TSS9460	1.89862162519041e-06	0.327136201116321	0.00441187885104473	207	206	102	0.978164	1.50499364880383
LOC102724919_TSS12770	0.000710280772788438	0.235719408673351	0.0377437010543479	70	64	5	0	0.132013736842105
CFHR4_TSS35039	0.000653813027148238	0.237252573871337	0.0362518758935708	3	0	0	0	0.000427275598086124
DENND1B_TSS19609	0.000650432251718627	0.237348197419005	0.0362085132289903	209	209	207	3.91548	4.15004694258373
TIMM17A_TSS23206	0.000110206475680321	0.268077288438958	0.0183815037638322	209	209	209	12.6037	12.7683629186603
ADORA1_TSS8291	4.72646655792136e-05	-0.281512277909827	0.0137287740553441	208	207	202	3.38134	3.5247800507177
LPGAT1_TSS3694	0.00131006251222823	0.224070803132545	0.0483698932875415	209	209	205	4.01148	4.14200661722488
DTL_TSS4945	0.00107680404232742	0.227865070634647	0.045050014050837	207	207	109	1.04946	1.11336887559809
FLVCR1_TSS16741	0.000937630834341037	0.230506596475849	0.0423704724378424	208	208	171	1.49685	1.59914499521531
KCTD3_TSS16315	0.000288140175289222	0.251915902277813	0.0262381423976498	208	208	188	1.81497	1.79049837799043
TP53BP2_TSS19549	1.61899499753771e-05	0.297585016779741	0.00978471017506324	209	209	209	4.95278	4.97959550239234
LBR_TSS27496,TSS32859	0.00111123592779659	0.227260135677023	0.0451216362253153	208	208	208	7.13089	7.56046866028708
SRP9_TSS864	0.00141066198307548	0.222622897375787	0.0490038178743568	209	209	209	26.6349	27.5905016267943
PYCR2_TSS2082	4.62398409442784e-05	-0.281851107556306	0.0137287740553441	209	209	209	34.3618	35.8547377990431
ACBD3_TSS15303	0.00114947882735695	0.22660808560153	0.0460530224233086	209	209	209	12.8577	12.7343493779904
COX20_TSS23101	0.00107902557222067	0.22782550840109	0.045050014050837	209	207	207	5.07118	5.04522546755172
TFB2M_TSS4390	0.000119943290626889	0.266694390695769	0.0189251262451476	208	208	208	4.86917	4.69387880382775
HNRNPU_TSS3983	0.00122499992663744	0.225376873223335	0.0467614404925202	209	209	209	22.5711	22.4488978947368
FAM150B_TSS9895	0.0005509766041365	0.240389088965376	0.0339752847113014	63	12	0	0	0.0236735507177033
TRAPPC12_TSS8785	0.00110442530691337	-0.227378413609513	0.0450961905271766	209	209	209	12.5668	12.7826203827751
ASAP2_TSS26345	5.86616927060926e-05	0.278149596059206	0.0148460547253508	188	87	0	0.0818782	0.114831790669856
YWHAQ_TSS16762	0.000196224603657381	0.258501411046305	0.0226737242002229	209	209	209	52.9325	54.6305947368421
RRM2_TSS15627,TSS34995	0.00049322074238321	0.242397153139509	0.0328312900938991	209	208	208	3.55434	4.00502758177034
EPT1_TSS4556	0.0014624712645755	0.221913719045947	0.0497673473111069	209	209	199	2.02486	2.07696964114833
RASGRP3_TSS12780,TSS24643,TSS6969	0.000203451975981035	0.257888759766915	0.0228071262933537	209	207	169	1.57884	1.78048691138756
CYP1B1_TSS12002	7.69657773362454e-05	0.273859690212103	0.0165109615868382	191	139	25	0.167267	0.503274355502392
SPR_TSS23909	0.000892345604224412	-0.231444287823082	0.0419287610102577	208	208	207	11.35	12.2084697607656
NAT8_TSS14384	0.00118754315884466	0.225978550133665	0.04645857937574	79	45	0	0	0.0520602488038278
DYSF_TSS10947,TSS28868	9.49194416395077e-05	0.270498344459442	0.0173846491259706	208	208	147	1.67572	2.74688610047847
MOB1A_TSS19231	0.00112484837464686	0.227025712840214	0.0454940653549815	209	209	209	54.8474	55.663161722488
MTHFD2_TSS15074	1.08299664750748e-05	0.303376639806773	0.00798564047022604	209	209	209	20.7179	21.7145562200957
ST3GAL5_TSS30007,TSS5642	0.000929971663043818	0.230662221720452	0.0422351923101869	209	209	209	11.3885	11.5321142105263
EIF2AK3_TSS26350	0.000479518992829323	0.242905397609228	0.0325332268753946	209	209	207	3.07974	3.11229537320574
LOC100506123_TSS2949	0.000535109354214064	0.240920605368311	0.0336894832587825	110	41	0	1.67644e-06	0.0544837480853393
MRPL30_TSS24090	0.00141676074524274	0.222538189964168	0.0490038178743568	209	209	208	5.01205	5.00542411004785
FHL2_TSS26640,TSS29141,TSS36177	0.00131976490682101	0.223926802787216	0.0483995850548806	125	59	2	0.0291222	0.0924582177033493
SULT1C2P1_TSS14397	0.000379095682710061	0.247103826286332	0.0290992935307864	42	8	0	0	0.0153666827751196
SH3RF3_TSS34210	7.15933290239853e-05	0.275009653384076	0.0159130181146268	164	42	0	0.0393244	0.0665943335252909
LIMS1_TSS10154,TSS13741,TSS20671,TSS2137,TSS22302,TSS3255	1.5641426950918e-06	0.329659576686587	0.00399810514292415	209	209	209	13.2257	14.2854302870813
MERTK_TSS7593	6.3429710322289e-05	0.276922416223291	0.0152369300033708	200	195	65	0.590316	1.03511450239234
SLC20A1_TSS28706	0.00118614501155492	0.226001344141556	0.04645857937574	209	209	209	8.36027	8.53118205741627
DBI_TSS31564,TSS34469,TSS35242,TSS35700	7.98453307597637e-05	0.273273989644845	0.01662407034384	209	209	209	209.685	218.615197607655
MYO7B_TSS29796	0.000344181984415594	-0.248809307205151	0.0280179481007866	209	209	208	5.45279	5.76640461244019
MCM6_TSS32830	5.2584101422337e-05	0.279857528473532	0.0142989597495357	209	209	208	6.47671	6.64014210526316
ZEB2_TSS11851	0.000643793572224805	0.237537311640296	0.0360877357448207	209	209	209	26.1051	25.7913266507177
RBMS1_TSS36091	0.000930261463582615	0.230656311901037	0.0422351923101869	209	209	209	16.0705	16.6351167942584
DHRS9_TSS11781,TSS16426,TSS3314	8.98823216806575e-06	0.306020299025234	0.00798564047022604	209	209	209	13.8205	14.4915411483254
FASTKD1_TSS29242	0.000906205595860991	0.231152736731925	0.0419599675290076	209	209	206	4.298	4.46222272727273
CYBRD1_TSS22715,TSS9625	0.00111387474896029	0.227214486835154	0.0451216362253153	204	202	100	0.968177	1.41495529090909
SLC40A1_TSS18329	0.000167777302101778	0.261137190505546	0.0216184067865948	208	204	159	2.12227	3.96547404583732
COL3A1_TSS34728	5.71973744330763e-05	0.278545337027815	0.0147921916067174	101	9	3	0	0.0436062661722488
TRAK2_TSS23748	0.00120917254788008	0.225629025518389	0.0467040662999731	209	209	208	6.82017	6.78462428708134
IDH1_TSS24267,TSS30923,TSS33584	0.00011290231567316	0.267683300477936	0.0183815037638322	209	209	209	61.8799	62.5822172248804
MREG_TSS21609	0.000609101617590026	0.238555856072263	0.035627566240775	207	207	195	2.5546	3.47642358851675
ACSL3_TSS34707	0.000164336018834825	0.261483899911246	0.0215415024483947	209	209	209	11.472	11.5213511004785
WDFY1_TSS30418	9.83121820874006e-05	0.269931001795569	0.0174574731693105	209	209	209	11.8238	12.2446353588517
DOCK10_TSS24158,TSS8642	0.000655519622344562	0.237204476881313	0.0362678291488081	209	209	209	14.213	14.4923200956938
PID1_TSS9700	0.000918410349975412	0.230899380749964	0.0420707651536228	157	81	1	0.0689041	0.133653854449761
HJURP_TSS8497	0.000350931944112348	0.248467428753374	0.0282970707364534	205	205	162	1.36587	1.52533472248804
ACKR3_TSS15815	2.71914926233452e-06	-0.322398378564941	0.0052854726338186	209	209	208	25.4759	31.5220517559809
FARP2_TSS34350	0.000870374768911256	-0.231915103436504	0.0411993508669271	209	208	208	5.68816	5.78347404593301
RPUSD3_TSS8923	3.96659642105483e-05	-0.28420922742831	0.0123646550144613	209	209	209	11.2875	11.9883959330144
EAF1_TSS31136	0.000651405654709398	0.237320618261733	0.0362085132289903	209	209	209	6.79229	6.62107507177033
OXSM_TSS5338	0.00076203719138122	0.234409887889781	0.0387245181886588	205	205	204	3.79041	3.73611114832536
SLC4A7_TSS10010,TSS25352	0.000413347973588438	0.245566786285935	0.0303255496681628	209	209	183	1.99005	2.1516208277512
UBP1_TSS18083,TSS35901	0.0010685538943327	0.228012652682576	0.045050014050837	209	209	209	11.8641	11.7623120574163
POMGNT2_TSS9710	0.00021868248310499	-0.25666148726833	0.0230981113663085	208	207	207	4.05668	4.10798016794258
CCRL2_TSS14439,TSS21056	0.000129531725590044	0.265431659280692	0.0197067192640462	209	209	209	27.4197	29.058478277512
CAMP_TSS10293	0.000350087238666368	-0.248509876354774	0.0282970707364534	209	209	209	21.6008	28.4225872248804
NCKIPSD_TSS12499	0.000376793804384408	-0.247211686023204	0.0290992935307864	209	209	209	8.32508	8.69339502392345
NAT6_TSS14495,TSS32794	0.00122930436134005	-0.2253088141534	0.0467614404925202	205	204	201	2.30628	2.55347352966507
PBRM1_TSS29420	0.000837429142362101	0.232642011224591	0.0403117256269636	209	209	209	9.17065	8.91210870813397
WNT5A_TSS19997,TSS3044	0.000526507504191459	0.241214870899379	0.0336451457865947	192	90	1	0.0821414	0.131160842535885
DENND6A_TSS30472	0.00144399864970248	0.222163901401196	0.0495784326481923	208	208	204	3.71183	3.71959181339713
TKT_TSS16562	0.00136560719887238	-0.223259267999783	0.0487462062076261	209	209	209	199.231	214.50629569378
KBTBD8_TSS6283	0.000112752454393275	0.267704969815792	0.0183815037638322	209	207	192	2.21149	2.41365870861244
FRMD4B_TSS1244	0.000455660056120294	0.24382338955841	0.032115232798105	209	209	206	3.1284	3.195205784689
PROK2_TSS9995	6.57491506257319e-05	0.276356477334736	0.0152369300033708	184	160	35	0.295019	0.713386859808612
DHFRL1_TSS13026,TSS13772	0.000866878625224289	0.231991029317396	0.0411864024895131	209	209	198	2.02594	2.07036894258373
ARL13B_TSS9424	0.0013450077489127	0.223556648843411	0.0487462062076261	208	208	195	1.80863	1.88230983253589
TRMT10C_TSS890	0.000990021900675809	0.229472378078164	0.0437025870565262	209	209	209	8.31132	8.20319574162679
ALCAM_TSS27605	8.53249552252413e-05	0.27221219208989	0.0169069083760651	209	209	209	27.2658	27.6660444497608
POLQ_TSS18443	0.00109716593854603	0.227505224110789	0.0450961905271766	205	202	4	0.353135	0.372746342440191
EEFSEC_TSS19632	0.000537578032665757	-0.24083696081386	0.0337082138550472	209	209	209	10.6334	11.0650872248804
UBA5_TSS11468,TSS8759	0.000346385532050308	0.248697020636259	0.0281078113801204	208	208	206	3.40316	3.37164177033493
CDV3_TSS13467,TSS4874	0.000133669484426054	0.264913565111947	0.0197067192640462	209	209	209	37.7268	37.4046416267943
FAIM_TSS22098,TSS22130	0.00102638553746741	0.228783719629353	0.0441541685415354	205	205	200	3.31276	3.5419383062201
CPA3_TSS27930	0.0011456182247632	0.226672999068551	0.0459704041494068	200	188	84	0.72932	1.74252747320574
HPS3_TSS18624	0.000582768349351396	0.23936541577944	0.0348040695742314	209	209	209	8.46983	8.29658885167464
SUCNR1_TSS872	0.000905734139272485	0.231162586430951	0.0419599675290076	208	207	207	11.3038	11.4412680478469
RAP2B_TSS29949	0.000224568984293171	0.256208401113154	0.0231566841159771	209	209	209	6.9475	7.08496138755981
LXN_TSS22291	0.000984511581309159	0.22957875482764	0.0435382362108017	208	208	207	5.97418	6.33463913875598
MFSD1_TSS17967	0.00145488169741068	0.222016155915813	0.0497673473111069	209	209	209	46.8802	47.7807875598086
MYNN_TSS16743,TSS28411	0.00141193647669805	0.222605167917541	0.0490038178743568	209	209	199	2.32934	2.3464103062201
TBL1XR1_TSS32878	0.000297257881159276	0.251374168831407	0.0263341483533305	209	209	208	5.54582	5.65989203827751
GNB4_TSS10641	0.000339433180273906	0.249053579740985	0.0279503437234266	209	209	209	13.7489	14.7544578947368
LAMP3_TSS4392	0.00017510806079084	0.260420225810376	0.0216608810555132	207	206	108	1.00959	1.31063531626794
IGF2BP2_TSS18618,TSS4889	8.71031977288385e-05	0.271881339706794	0.0170990740833504	207	205	75	0.827591	0.951822913444976
TBCCD1_TSS18682,TSS6711	0.00102632383300943	0.22878486908618	0.0441541685415354	209	209	209	4.54577	4.41195282296651
ST6GAL1_TSS18437,TSS23896	0.00108390746219885	0.227738831049665	0.045050014050837	209	208	206	3.70036	4.80735480952153
ATP13A3_TSS22329	8.12960679543056e-05	0.272986378433299	0.01662407034384	209	209	209	7.72449	8.74168507177033
FYTTD1_TSS21270,TSS23347,TSS5976	0.000476852570248569	0.243005864539289	0.0325035427949965	209	209	209	14.083	14.4266297607656
TMEM175_TSS29019	0.000573669074277696	-0.239653026990987	0.0347370976200726	208	208	208	11.6057	12.3727653110048
SLBP_TSS12635	0.00052586993178837	0.241236858594297	0.0336451457865947	209	209	209	17.3136	17.5202060287081
CYTL1_TSS28397	3.41190620508076e-05	0.286505295511818	0.0121416524746914	121	83	7	0.0504465	0.201022463157895
LRPAP1_TSS22015,TSS2626	0.000154622884721407	-0.262500388850684	0.02098358397174	209	209	209	24.9128	25.8586926315789
RBPJ_TSS172,TSS24727	0.00104079823033312	0.228516957272685	0.0444640683078093	209	209	209	29.1551	29.2520886602871
PGM2_TSS21431	4.49767180675284e-05	0.282278584494016	0.0136863082205249	209	209	209	9.88431	9.75661411483254
TLR1_TSS6315	0.000720306251899272	0.235459025145902	0.0378842553596652	209	209	209	15.5488	15.5849613875598
TBC1D1_TSS2269,TSS6899,TSS8264,TSS8656	0.000456560850318672	0.243787930641918	0.032115232798105	209	209	209	12.7862	12.795919569378
KLHL5_TSS14972,TSS9470	0.000167757560701207	0.261139160445351	0.0216184067865948	209	208	164	1.53181	1.61962410181818
RBM47_TSS17360,TSS25157	0.000325842258494627	0.249770637830046	0.0274879668956474	209	209	209	22.445	22.2416940191388
SLC30A9_TSS34887	0.000300435490100883	0.251188994489727	0.0263341483533305	209	209	209	9.63814	9.54392937799043
GUF1_TSS26594	0.00053091610005515	0.241063503891448	0.0336886256164961	209	209	206	4.15268	4.19589714832536
NIPAL1_TSS23697	0.00146618344945051	0.221863792409005	0.0497673473111069	84	22	1	0	0.0451198033492823
SRD5A3_TSS6996	6.72994715691502e-05	0.275988566696291	0.0152442739370797	209	209	208	5.23474	5.53438584210526
PAICS_TSS22972,TSS2357	9.06544794864074e-05	0.271239139100016	0.0170990740833504	209	209	209	6.77003	6.69813028708134
POLR2B_TSS14294	0.000366896964341923	0.247682501636626	0.0289255068800143	209	209	209	16.744	16.495158277512
GRSF1_TSS10654,TSS15820	0.000829656669079448	0.232817335867246	0.0403117126777923	209	209	209	5.8574	5.83865014354067
C4orf26_TSS17377	0.000906088769715748	0.231155177031323	0.0419599675290076	50	4	1	0	0.0179724636363636
BMP2K_TSS22472	0.00111260172571003	0.227236496399361	0.0451216362253153	209	209	209	9.80493	9.8633143062201
ANTXR2_TSS10288,TSS15192	0.000567512653208913	0.239850020971498	0.0345794186601499	209	207	175	2.20603	2.62645104961722
LIN54_TSS11004,TSS30789	0.000441906577554456	0.244373002764037	0.0314664305406063	209	209	205	2.50273	2.4977109569378
CDS1_TSS30152	0.000234525442843333	0.255466649982122	0.023642776900078	205	204	146	1.25089	1.35363733636364
SPP1_TSS27944	0.00130546438652165	0.224139388742995	0.0483698932875415	204	204	151	2.3523	8.09256366028708
NAP1L5_TSS30721	0.00136349617891066	0.223289553846289	0.0487462062076261	201	196	19	0.580532	0.609745249760766
SNCA_TSS20982,TSS25159,TSS36340	7.83874579867597e-06	0.30794485567257	0.00770639159076755	203	196	46	0.542637	0.719000706698565
METAP1_TSS25127	0.000726668163695668	0.235295520142078	0.0380416700069168	208	208	208	8.66538	8.69567129186603
ADH5_TSS261	0.000729829874173604	0.235214752610068	0.0380416700069168	209	209	209	23.5208	24.0405147368421
DKK2_TSS24145	0.000670686581149946	0.236782031805478	0.0369470252171849	144	45	1	0.0233149	0.0704176881339713
C4orf32_TSS20572	0.000292318092706322	0.251665719922564	0.0262381423976498	209	208	201	3.30728	3.55453718899522
CAMK2D_TSS483	7.75132189828485e-05	0.273746775198073	0.0165109615868382	209	209	208	6.2654	6.58314393301435
SPATA5_TSS14567	0.00124959874219542	0.224990845709469	0.0471801971185482	207	206	75	0.893589	0.88616939708134
PLK4_TSS21517,TSS34416	3.56268184438205e-05	0.285848217933952	0.0121416524746914	207	205	107	1.02277	1.07856731722488
PGRMC2_TSS25104	0.000805211972380625	0.233378768711703	0.0399650936427595	209	209	209	5.47026	5.50007119617225
SLC7A11_TSS19111	0.00041047703838197	0.245690991430422	0.0303242877979235	194	54	2	0.0512228	0.092200995645933
RAB33B_TSS3252	0.000869012588256593	0.231944652533581	0.0411993508669271	209	209	204	3.02766	3.05126879904306
CLGN_TSS25223	0.000791373152051521	0.233703609500237	0.0395934243151676	157	69	1	0.0598201	0.0977346646411483
OTUD4_TSS17060,TSS24827	0.000824886717552625	0.232925682556527	0.0403117126777923	209	209	209	7.05509	7.24867516746411
ABCE1_TSS24819	0.000698327335474214	0.23603433221743	0.0374212683900553	209	209	209	8.70593	8.82121253588517
TLR2_TSS21104	1.65373370857139e-05	0.297275736230339	0.00978471017506324	209	209	209	10.3345	11.5432055502392
FAM198B_TSS21137,TSS8367	0.000184047531604124	0.259582907999312	0.0221907497893066	208	206	127	1.21759	1.72426393875598
C4orf46_TSS31204,TSS32617	0.000744487166090635	0.234844488148431	0.0381344881628613	207	206	116	1.06887	1.11180730287081
FNIP2_TSS13625	0.00069647807442846	0.236083496064123	0.0374212683900553	209	209	208	3.96364	4.24222992344498
TMEM192_TSS3841	0.000154952487136294	0.262464929934192	0.02098358397174	209	209	209	4.73827	4.69549138755981
MSMO1_TSS1279	6.55837196444058e-06	0.310432964188687	0.00684628839396081	209	209	209	17.2428	19.5558519617225
CBR4_TSS31122	0.000675894063651617	0.236639019089164	0.0371237567403009	209	208	202	2.89628	2.82207807464115
CENPU_TSS15263	0.000144999617704824	0.263568096225055	0.020364479275566	208	208	195	2.43555	2.65339501913876
TLR3_TSS3408	8.81472272583534e-05	0.271690030918748	0.0170990740833504	200	190	43	0.553533	0.656646839712919
MYO10_TSS32588	6.61671777463384e-05	0.276256478509786	0.0152369300033708	209	147	2	0.150462	0.22185031215311
BASP1_TSS16428,TSS25158	0.00117400482875175	0.226200308061872	0.0463813561479497	208	208	197	2.99271	4.08667410526316
RICTOR_TSS3435	0.00102780526122662	0.228757289928908	0.0441541685415354	209	209	196	2.20118	2.35061072727273
DAB2_TSS21540	0.00110329939250836	0.227398031463381	0.0450961905271766	209	209	209	71.5383	71.2374248803828
C5orf51_TSS5798	0.000576211000778952	0.239572259458977	0.0347370976200726	209	209	207	3.92029	3.94832690430622
OXCT1_TSS11306	0.000173540514356383	0.260571148602368	0.0216608810555132	203	194	38	0.502368	0.647026571913876
CCDC152_TSS22789	1.56079445025352e-06	0.329687354214395	0.00399810514292415	203	118	2	0.128472	0.192003437942584
SEPP1_TSS35282	0.000469344095052365	0.24329159306212	0.0324704042162297	207	206	187	3.58969	7.60575014032091
HMGCS1_TSS23270	2.00401262282263e-05	0.294460692248833	0.00978471017506324	209	209	209	6.20968	6.65901736842105
DEPDC1B_TSS23002	1.39202168155799e-06	0.331166797578073	0.00399810514292415	203	197	36	0.570628	0.639674745454546
SMIM15_TSS8543	0.000913779665392657	0.230995141547516	0.0419599675290076	209	209	209	11.768	11.6883639712919
NLN_TSS19628	4.94478153245793e-05	0.280812949279012	0.0140437289723508	209	209	203	2.25194	2.30480655502392
SGTB_TSS13426	0.00146804036902213	0.221838861333353	0.0497673473111069	208	208	196	2.32068	2.43856683732057
PIK3R1_TSS10036,TSS19831,TSS4333,TSS8999	0.000141474319705503	0.263975873764713	0.0202023747820802	209	209	208	5.98768	6.01115364593301
SLC30A5_TSS23939	0.00125455332198853	0.224913937369134	0.04722774295044	209	209	209	7.44011	7.36092784688995
NAIP_TSS27747	0.000126480826935306	0.265823677301909	0.0193591402233135	209	209	182	1.58159	1.63556054545455
FCHO2_TSS27764	0.00113315859770769	0.226883877174246	0.0456855945047416	209	209	209	14.1238	14.7572988995215
HMGCR_TSS19222	1.98082335086313e-05	0.294632077011877	0.00978471017506324	209	209	209	9.52793	10.0689169856459
LHFPL2_TSS10569	3.01736721636477e-05	0.288363728552009	0.0116858974875	209	209	209	30.4576	33.1266567464115
PAPD4_TSS19271	0.000356046653949503	0.248212415444202	0.0286192091874316	209	209	208	10.9039	10.9136671483254
LUCAT1_TSS10743	3.27616568611273e-05	0.287120699625735	0.0121416524746914	127	98	12	0.0929023	0.270753522488038
MEF2C_TSS31559,TSS3336,TSS8197	0.00011571490352916	0.267281528612236	0.0184780621861317	207	207	110	1.03807	1.16547546411483
ARRDC3_TSS18490	0.000210853606324439	0.25728201830694	0.0229674276119071	209	209	205	5.34687	5.43060565550239
RHOBTB3_TSS35763	3.61005276818804e-05	0.285647181560758	0.0121416524746914	209	206	77	0.744939	0.92817366076555
SLCO4C1_TSS17161	1.58003853127016e-05	0.297939405813557	0.00978471017506324	203	185	19	0.351171	0.454713567799043
ST8SIA4_TSS26762	0.000155154233819446	0.262443260596336	0.02098358397174	208	208	151	1.54974	1.97837151674641
YTHDC2_TSS31346	0.00115854659175865	0.226456400236537	0.0461990786769779	209	209	208	3.43162	3.4230418708134
FEM1C_TSS18067	0.00109048082369512	0.22762268623295	0.0450961905271766	209	209	206	4.65367	4.67377571291866
SRP19_TSS9849	0.00118832065665422	0.225965885225064	0.04645857937574	209	209	208	10.9984	11.1809676363636
AP3S1_TSS1867	0.000894859481337487	0.231391099448344	0.0419599675290076	209	209	209	19.7802	19.74548
STARD4_TSS25552	2.7438441784647e-05	0.289791934910716	0.0115373379800418	209	209	208	6.80963	7.6927568277512
SNX24_TSS34876	0.000582266325522186	0.239381175297881	0.0348040695742314	209	209	209	10.1307	10.0498645933014
LMNB1_TSS24427,TSS29306	0.000995766228714892	0.229362061449078	0.0437332999522016	209	209	208	6.15506	6.49232171291866
ZCCHC10_TSS3446	5.78701600356691e-05	0.278362344161452	0.0147921916067174	209	209	207	3.87451	3.99490075119617
CDC23_TSS15474	0.000891509090029955	0.231462017281328	0.0419287610102577	209	209	208	6.3298	6.23922064114833
CDC25C_TSS18324,TSS31842	0.000136677708247133	0.264546233627092	0.019963536574314	196	186	6	0.317528	0.400790803349282
UBE2D2_TSS12822	0.00109631336980887	0.227520167731298	0.0450961905271766	209	209	209	16.4978	16.7922153588517
TMEM173_TSS10935,TSS31747	3.45539190433327e-05	-0.286313021214886	0.0121416524746914	209	209	209	68.8411	69.3066894736842
SPINK1_TSS34546	0.000545914360314267	0.240557107846129	0.0338968784937219	126	119	39	0.200224	0.532488688995215
SPINK6_TSS12127	0.000925226481737271	0.230759230507584	0.0422351923101869	94	70	2	0	0.132010533014354
GRPEL2_TSS23052	0.000442926080758829	0.244331721652238	0.0314664305406063	207	207	171	1.57497	1.53276276076555
ABLIM3_TSS28820,TSS31562	0.000318826344219451	0.250151741574118	0.0270748178890145	183	81	1	0.0637607	0.125918878516746
PPARGC1B_TSS14691,TSS3850	0.000731531625545813	0.235171413934355	0.0380416700069168	209	209	203	2.08767	2.1479423923445
HAVCR2_TSS11149	0.00034092015696086	0.248976752088585	0.0279503437234266	209	209	209	63.0204	63.6409631578947
LSM11_TSS14839	0.000318304740131472	0.250180385309509	0.0270748178890145	209	204	16	0.673095	0.655253024593301
PANK3_TSS3235	0.000106610919414712	0.268617051945559	0.0183815037638322	209	209	207	6.10987	6.13987061244019
DUSP22_TSS22203	0.000314416557471793	-0.250395288345641	0.0269884828856357	209	209	209	15.7095	15.8516864593301
SERPINB9_TSS19853	0.0006840011360694	0.236418385830992	0.0372390772976869	209	205	166	2.03821	2.4087370607177
PXDC1_TSS32459	0.000979637195635157	0.229673311938286	0.0433977579854944	209	209	209	9.36893	9.70824325358852
SLC35B3_TSS296	0.00036853635212363	0.247603704044422	0.0289255068800143	209	209	209	6.2522	6.24013789473684
CD74_TSS23018	0.000613961439379894	-0.238409994973961	0.0357161358592498	209	209	209	6696.99	6718.07090909091
TPMT_TSS6536	0.000175953343102361	0.260339364884475	0.0216608810555132	209	209	209	9.44782	9.86232559808612
CASC15_TSS31093	0.000103150606786923	0.269152859106903	0.0179362765991873	43	4	0	0	0.00850645311004785
TDP2_TSS23368	0.00032701648507052	0.249707599756282	0.0274962775489723	209	209	209	24.5021	24.9692629186603
RPP21_TSS10047	0.000290199664862526	-0.251792157268794	0.0262381423976498	206	206	206	15.9526	18.9726982296651
VWA7_TSS10527	0.000604153166166425	-0.238705485944728	0.0354191722027064	208	208	203	4.07283	4.23377853588517
HSPA1A_TSS30615	0.00146173992802242	-0.221923568744972	0.0497673473111069	209	209	209	24.093	26.1901076555024
EHMT2_TSS26699,TSS5767	0.000256456260952542	-0.253931150698444	0.0247064454571363	209	209	209	7.06178	7.27375210526316
ATF6B_TSS26425	0.000191012116496206	-0.258956467141286	0.0226039847674052	209	209	209	40.4787	42.1233338277512
RXRB_TSS15059,TSS23331	0.0012397587915373	-0.225144420326332	0.0469473695859035	209	209	209	15.936	16.0387595215311
ZBTB22_TSS15117,TSS9864	0.000198729968423777	-0.258286687607548	0.0227790884434089	208	208	208	6.86883	6.86156172248804
MEP1A_TSS6654	0.000179407879525943	0.260012623583535	0.0219418411892949	144	51	0	0.0362899	0.0777883667464115
TDRD6_TSS352	5.36048031262361e-07	0.34321274948687	0.00399810514292415	194	92	7	0.0783972	0.191294600526316
PLA2G7_TSS21440,TSS24190	4.78593553177478e-07	0.34461068573875	0.00399810514292415	205	200	155	2.32229	4.61703503732057
ICK_TSS14403	0.00063468779477964	0.237799654760675	0.0359543324194447	206	206	180	1.61764	1.66105258373206
GCLC_TSS9291	0.00011243970964242	0.267750278431309	0.0183815037638322	209	209	209	5.58899	5.7372766507177
ELOVL5_TSS14595,TSS26287	9.58974815837352e-05	0.270332869515812	0.0173846491259706	209	209	209	20.1933	21.0057111483254
PRIM2_TSS26591,TSS34169	0.00127478906226842	0.224602686879926	0.047778421144638	208	208	202	2.58136	2.68845119138756
MTO1_TSS17845	0.000777982976074893	0.234022939027975	0.039255992877812	209	209	208	6.42636	6.44214545454545
ZNF292_TSS35398	0.00110907656087498	0.22729756453332	0.0451216362253153	209	209	203	2.3708	2.36978933971292
SYNCRIP_TSS13826,TSS27072,TSS36301,TSS7721	0.00041614325878531	0.245446619957823	0.0303255496681628	209	209	209	24.9212	24.4967312440191
UBE2J1_TSS15563	0.000620648300097586	0.238211031053644	0.0357421042911817	209	209	209	17.776	18.1903577511962
MARCKS_TSS16012	6.17448054136832e-05	0.277345855222013	0.0152369300033708	208	208	181	2.16985	3.04046989473684
CDK19_TSS29946,TSS31310,TSS32145	0.000693081406132822	0.236174113295158	0.0374212683900553	209	209	208	3.74956	3.83008563157895
HDAC2_TSS1807,TSS25989	0.000969453029748525	0.229872275858602	0.0430211612732675	209	209	209	4.66035	4.7146538277512
ASF1A_TSS29349	0.000787792263923491	0.233788516191166	0.0395614107232777	209	209	208	5.77439	5.85913202392345
SMPDL3A_TSS14511	0.000151781513255696	0.26280902831094	0.0209598062302998	203	201	159	2.05051	2.43421643827751
PKIB_TSS18939,TSS29236,TSS35915	0.000108267181190837	0.268366330213874	0.0183815037638322	193	172	22	0.361464	0.504094024880383
ARHGAP18_TSS29199	0.000232361970389005	0.255625298930841	0.0235690647821959	209	209	209	45.2773	45.0683386602871
EPB41L2_TSS31940,TSS32083	0.000546857057304698	0.240525710324652	0.0338968784937219	209	209	209	6.95461	7.38842693779904
SLC18B1_TSS1107	0.000457335187923407	0.243757501320092	0.032115232798105	203	201	86	0.9034	1.1071492
MAP7_TSS12336,TSS13716,TSS1552,TSS18601,TSS6676	0.000474251761680671	0.243104361529544	0.0325035427949965	209	206	37	0.679668	0.752912861578947
ADGRG6_TSS3296	0.000821396466866466	0.233005327677693	0.0403117126777923	189	87	1	0.0768243	0.110597075980861
FBXO5_TSS11785,TSS18670	0.00140541057371326	0.222696104608662	0.0490038178743568	206	206	177	1.65662	1.71347616267943
ACAT2_TSS28311,TSS31949	0.00118156397347393	0.22607620185415	0.04645857937574	209	208	208	9.64148	10.3028635885167
RPS6KA2_TSS20929,TSS3075	0.00136657495584587	0.223245398354203	0.0487462062076261	209	209	208	3.37722	3.47830947368421
CHST12_TSS16065	0.000966546897261591	-0.22992940411295	0.0430211612732675	209	209	209	10.6922	10.9542829186603
BRAT1_TSS27354	0.000828874397788506	-0.232835065325492	0.0403117126777923	209	209	209	9.73844	10.2051721052632
ICA1_TSS21274,TSS2737,TSS35716	0.000200466750305793	0.258139312425933	0.0228071262933537	206	206	162	1.38028	1.51120236842105
SCIN_TSS12195,TSS33915	0.000627825558070956	0.237999666287428	0.03590122838893	184	119	9	0.132182	0.248704325358852
HDAC9_TSS2246,TSS24157,TSS27050,TSS33877	0.000839374190287934	0.232598370938852	0.0403294054096802	204	203	109	1.0102	1.0593051277512
LOC100506178_TSS23162	9.06238602017711e-05	0.271244574637012	0.0170990740833504	148	63	1	0.0494152	0.104513786124402
KLHL7-AS1_TSS27026	0.00103685854127135	0.228589537755405	0.0444569932022312	156	74	1	0.0608911	0.110102980574163
CYCS_TSS20439	0.000133016403728153	0.264994332643957	0.0197067192640462	209	209	209	10.9724	11.2539258851675
LSM5_TSS14026,TSS18863,TSS6796	0.000908093680381872	0.231113337935823	0.0419599675290076	208	208	207	4.43996	4.42464402392345
AVL9_TSS28940	9.83481137819612e-05	0.269925091976154	0.0174574731693105	209	208	208	5.17852	5.23269744641148
ANLN_TSS4919	0.000274526624862563	0.252755187279788	0.025798437713647	207	206	196	2.36642	2.60733510239234
EPDR1_TSS12783,TSS23659	3.55187133257696e-05	0.285894449334568	0.0121416524746914	205	205	173	1.89796	2.19779453588517
RALA_TSS7677	2.97310687572462e-05	0.288586331749987	0.0116858974875	209	209	209	7.29653	7.45468641148325
NUDCD3_TSS1551	0.000292550001303947	-0.251651930343928	0.0262381423976498	209	209	209	12.4519	12.5862756937799
PURB_TSS34333	0.000328674392077331	0.249618952465052	0.0275450692979956	209	209	209	5.189	5.47312531100479
MYO1G_TSS7964	0.000110786987058737	-0.267991692166664	0.0183815037638322	209	209	209	60.1163	60.7693043062201
CCT6A_TSS6986	0.00138859783950887	0.22293217792519	0.0490038178743568	209	209	209	27.1565	26.4399052631579
CLIP2_TSS1196	9.33436920670115e-06	-0.305486445338049	0.00798564047022604	209	209	209	5.18126	5.26373086124402
LAT2_TSS17417	0.00053804433523177	-0.240821201295419	0.0337082138550472	209	209	209	55.7383	56.6057301435407
POR_TSS20694	0.000155981238185686	-0.262354707392755	0.0209844022592859	209	209	209	97.8255	99.6826148325359
SLC25A40_TSS33737	0.000900184017323971	0.231278895822457	0.0419599675290076	209	209	209	9.27153	9.92850492822967
DBF4_TSS19189	0.00109171590759339	0.227600935263307	0.0450961905271766	208	208	179	1.54448	1.5682400430622
MTERF1_TSS19823	0.00141505634262865	0.222561829241829	0.0490038178743568	209	209	206	4.20005	4.16647358373206
CYP51A1_TSS1520,TSS30319	9.26390401069317e-05	0.270890459629465	0.0172842810523597	209	208	208	12.7848	13.8729860100478
TFPI2_TSS26115	8.95798239077409e-05	0.271430949906839	0.0170990740833504	109	29	0	0.0142004	0.0384116502392345
SLC25A13_TSS9473	0.000360648294556297	0.247985872366614	0.0287181652870826	209	209	209	4.97971	5.00907401913876
ZSCAN25_TSS34706	6.48985207869073e-05	-0.276561819179579	0.0152369300033708	209	209	208	3.18322	3.27216997607656
TAF6_TSS13429,TSS22280,TSS8631	0.000121583881165156	-0.266471787497791	0.0190662919414881	209	209	209	8.93699	9.02503966507177
PILRA_TSS11161	0.000193905777207521	-0.258702437684271	0.0226665162699238	209	209	209	118.372	121.106026794258
MUC12_TSS4262	0.00100316190784919	-0.229220889425907	0.0439040274252829	202	112	0	0.105715	0.117592113923445
AP1S1_TSS6020	0.000334782839743418	-0.249295882337014	0.0278742155266499	209	209	209	24.7225	26.1485172248804
SH2B2_TSS28735	0.000946525286676524	-0.230327331953583	0.0425204443809115	208	207	207	7.46125	7.75028574545455
ORAI2_TSS74	0.000804873658925968	-0.233386648470923	0.0399650936427595	209	209	209	4.56069	4.75361210526316
LRWD1_TSS21254	0.00136641511409122	-0.223247688545347	0.0487462062076261	206	205	204	2.75295	2.9213578861244
RINT1_TSS19887	0.000910743077919346	0.23105817962128	0.0419599675290076	209	208	207	4.71786	4.6246996277512
SYPL1_TSS28973,TSS3672	0.0013305795857048	0.223767432402558	0.0485415479198649	209	209	209	17.3365	17.4038330143541
DNAJB9_TSS7947	0.000141322878494535	0.263993603222959	0.0202023747820802	209	209	208	7.11799	7.29414556937799
DOCK4_TSS34697	0.000195358120408903	0.258576268758899	0.0226737242002229	209	209	205	3.08813	3.32530532057416
TMEM168_TSS18641	0.000514454009440396	0.24163478643493	0.0333743944389832	209	209	202	2.46366	2.48497271291866
CALU_TSS4353	0.0012429013508124	0.225095252556583	0.0469967476747275	209	209	209	17.7109	18.2731111483254
KRBA1_TSS21088	0.0011408065064905	-0.226754186428558	0.0458713055271286	206	206	203	1.99985	2.03423846411483
NOS3_TSS10757,TSS9959	0.000523291216804655	-0.241326041950778	0.0336076552581502	200	183	7	0.332362	0.377521503827751
CRYGN_TSS14307,TSS30148	1.96935301731626e-05	0.294717552880873	0.00978471017506324	53	2	0	0	0.00792664976076555
INSIG1_TSS32732	6.11555525343224e-06	0.311402174572802	0.00684628839396081	209	209	209	16.1222	17.8022933014354
DNAJB6_TSS3529,TSS3530	0.00117340680040465	0.226210157760898	0.0463813561479497	209	209	209	27.1705	27.2340885167464
NCAPG2_TSS5428	5.49556649435818e-05	0.279170019481548	0.0146325182460718	209	209	207	2.94876	3.06787050717703
ZNF596_TSS13113,TSS16145,TSS19100,TSS22574,TSS27551	0.00114135402821696	0.226744932358322	0.0458713055271286	201	184	3	0.305594	0.340336512440191
LONRF1_TSS2965	0.000215195026275056	0.256935308901241	0.0230981113663085	209	209	206	3.40027	3.60855979425837
LOC101929066_TSS27959	0.000991647450912921	0.229441100742755	0.0437025870565262	132	76	3	0.0372827	0.137614888038278
PDLIM2_TSS24850,TSS6025	0.000491609102142533	-0.242456251333662	0.0328094523756274	209	209	209	18.1835	19.1344552631579
DOCK5_TSS22178	3.6868859762549e-06	0.318318633228553	0.0052854726338186	209	208	196	2.16704	2.3276639562201
GSR_TSS34084	0.000290600686332887	0.25176815679243	0.0262381423976498	209	209	209	15.8794	16.4413348803828
ZNF703_TSS7115	0.000564260836287242	0.239954871580647	0.0345794186601499	181	100	4	0.0888547	0.16882470923445
LSM1_TSS13218	0.000416005377089723	0.245452529777239	0.0303255496681628	209	209	209	19.4477	19.4593549760766
ADAM9_TSS20083	0.00101695195640875	0.228960193728835	0.0440607626414069	209	209	209	19.4122	19.4802275119617
GOLGA7_TSS12869,TSS18858	0.000435007336141879	0.244654704156168	0.0311536779084435	209	209	209	23.1071	23.4945741626794
NSMAF_TSS13050,TSS29843	0.00016174118818125	0.261749841784936	0.0213106521190769	209	209	209	15.0232	14.9359996172249
ARMC1_TSS34606	0.000460685376698963	0.243626395577899	0.0321984139882362	209	209	209	8.02862	8.01074330143541
ZNF704_TSS22996	0.00138480846251604	0.222985746949119	0.0490038178743568	186	13	0	0.0207091	0.0364254707655502
WWP1_TSS10386	0.00116067576899932	0.226420941320045	0.046211889924286	209	209	207	5.78011	5.73791743062201
OSGIN2_TSS21485,TSS24347	0.000110179824219929	0.268081228318568	0.0183815037638322	209	209	209	8.36967	8.27774492822967
OTUD6B-AS1_TSS18028	0.00146466728276349	0.22188416994887	0.0497673473111069	208	208	205	3.60075	3.53878840669856
GEM_TSS11296	0.000545000140485134	0.240587604823506	0.0338968784937219	127	49	0	0.0319554	0.0714680732057416
TP53INP1_TSS25853	0.000270741387108017	0.252995429291015	0.0256818839345821	209	209	201	3.10612	3.42073778947368
PLEKHF2_TSS28270	0.000388530698694549	0.246667982636993	0.0293823467139982	209	209	209	5.8933	6.0543043062201
SDC2_TSS2167	0.000182418489004833	0.259732623424501	0.0220985734476423	209	209	174	2.74756	4.98875816746411
ATP6V1C1_TSS18347	0.000757340881251243	0.234525273678278	0.0385625304096873	209	209	209	7.94473	8.15521200956938
SLC25A32_TSS14055	0.00021185760364048	0.257201250774931	0.0229674276119071	208	208	208	4.71452	4.73843631578947
DCAF13_TSS20126	0.000515742177669042	0.241589477819413	0.0333743944389832	209	209	209	8.03682	8.06087655502392
YWHAZ_TSS26180,TSS26772,TSS31106,TSS32004,TSS32982	0.00111123592779659	0.227260135677023	0.0451216362253153	209	209	209	107.47	107.332017703349
EBAG9_TSS17625,TSS26583,TSS8892	0.000830526656595815	0.232797636469195	0.0403117126777923	208	208	208	5.3235	5.35999224880383
TRPS1_TSS28444,TSS34590	0.000740173661708928	0.234952750615988	0.0381344881628613	209	209	199	2.11675	2.21296564114833
ATAD2_TSS17709	0.000116260829067993	0.267204605105293	0.0184780621861317	209	207	200	2.75977	2.78673666315789
ZHX1_TSS13744,TSS16971	0.00121261867997595	0.225573867203846	0.0467040662999731	209	209	208	4.27167	4.21820440191388
MTSS1_TSS23673	6.18528610394598e-05	0.277318375518776	0.0152369300033708	207	203	45	0.566734	0.738489431578947
SQLE_TSS26036	5.69017208396846e-07	0.342474035118845	0.00399810514292415	209	209	209	5.73908	6.56221411483254
FAM49B_TSS17315,TSS20768	0.00141505059097709	0.222561909058681	0.0490038178743568	209	209	209	19.1934	20.3968180861244
LINC01591_TSS9940	0.00069708029299388	0.236067472472162	0.0374212683900553	17	0	0	0	0.00323590574162679
GRINA_TSS7014	0.00147687319432401	-0.221720664945046	0.0498683695113818	209	209	209	354.139	367.77538277512
HSF1_TSS13636	0.000337043856924958	-0.249177685948707	0.0279010266702744	209	209	209	27.4842	27.8947726315789
MFSD3_TSS29829	0.0005636389282445	-0.239974987797243	0.0345794186601499	205	204	200	3.02295	3.18254089904306
RUSC2_TSS1460,TSS28653	0.000487601300701401	-0.242603996819046	0.0327878265333368	209	209	209	4.80863	4.82986220095694
HINT2_TSS14997	0.000957975729704036	-0.23009881893619	0.0428091217254631	208	208	207	13.8635	15.5779429760766
FAM27E3_TSS17825	0.0012283360807016	0.225324104946237	0.0467614404925202	24	2	0	0	0.00732238660287081
CTSL_TSS12796	0.00132375260969313	0.223867899332619	0.0484762757254529	209	209	209	227.161	242.403148325359
IARS_TSS11639	0.00144443253775108	0.222157991581781	0.0495784326481923	209	209	209	14.8022	14.7358611483254
HSD17B3_TSS32838	0.000140606744508888	0.264077683441928	0.0202023747820802	129	80	1	0.0469832	0.111130501435407
TGFBR1_TSS30414	1.07419856014756e-05	0.303492866255274	0.00798564047022604	209	209	209	9.48084	10.0737784688995
ALG2_TSS31860	0.000506676969852528	0.241910578007646	0.0333743944389832	209	209	209	19.352	19.5652724401914
ABCA1_TSS19198	0.000116386996282117	0.267186875647047	0.0184780621861317	209	209	205	5.8488	6.4192870430622
CTNNAL1_TSS32304	0.00117395203474369	0.226201177409179	0.0463813561479497	203	199	47	0.631366	0.756059658373206
SNX30_TSS7927	0.00108390746219885	0.227738831049665	0.045050014050837	209	209	208	6.75024	6.77663726794258
NR5A1_TSS5363	0.00057489470994548	-0.23961404227026	0.0347370976200726	66	2	0	0	0.00606444004784689
PBX3_TSS28879,TSS34005	0.000993813836531562	0.229399490305375	0.0437226772385254	209	209	209	16.6024	16.3301099521531
ZBTB43_TSS20577	0.00110239568012855	0.227413790981822	0.0450961905271766	209	208	204	2.84353	2.78373656315789
SH2D3C_TSS17271,TSS21718,TSS25900,TSS36060,TSS6907,TSS9432	9.36528078548265e-05	-0.270715037838004	0.0173468074027335	209	209	208	11.6382	12.0761551961722
ENG_TSS1283,TSS23891	0.000711500925631112	-0.235687538163295	0.0377437010543479	209	209	209	86.2072	90.437923923445
GTF3C5_TSS30315	0.000432332834174036	-0.244765020785254	0.0311536779084435	209	209	209	22.0872	22.467395645933
LINC00094_TSS29449	0.000203925149299179	-0.257849360970813	0.0228071262933537	209	208	204	2.13779	2.22096072535885
MAN1B1_TSS31975	0.000614686469186192	-0.238388325636104	0.0357161358592498	209	209	209	28.1518	29.0925496650718
IDI1_TSS33497	7.9422775625594e-07	0.338311552310642	0.00399810514292415	208	208	208	16.8288	17.8935214832536
SFMBT2_TSS20067,TSS241	0.000949080769234626	0.23027611351865	0.0425604448112391	209	209	208	4.92159	4.96627440669856
MCM10_TSS19644	1.94819072680408e-05	0.294876494632337	0.00978471017506324	204	196	1	0.362924	0.399852063349282
ARL5B_TSS21913	0.000800235105204045	0.233494995160204	0.039872923048968	208	207	155	1.44037	1.50016614880383
RAB18_TSS13603	0.000505354736348323	0.241957856562969	0.0333743944389832	209	209	209	8.55972	8.61842559808612
ARHGAP12_TSS6614,TSS8926	5.61789105764333e-06	0.312574400854664	0.00684628839396081	207	206	106	1.01833	1.10122146220096
LINC00840_TSS9836	2.7783710115483e-05	0.2896044265882	0.0115373379800418	15	0	0	0	0.0015689
IPMK_TSS12532	0.000642624512069134	0.237570800616983	0.0360877357448207	209	208	179	1.89785	1.95732906985646
SLC16A9_TSS21631	0.000945079509962473	0.230356365370196	0.0425204443809115	118	20	0	0.00934996	0.0400557103349282
CDK1_TSS15526,TSS26902	6.27347537005187e-05	0.277095772240967	0.0152369300033708	207	207	202	4.11504	4.81579541148325
RHOBTB1_TSS29244,TSS34442,TSS7522	1.76104276230733e-05	0.296357744281156	0.00978471017506324	208	208	196	2.10972	2.1704111722488
DDX50_TSS30050	0.00122786395569867	0.225331564607817	0.0467614404925202	209	209	209	7.00388	6.9751619138756
DNAJC9_TSS14230	0.000513894865245845	0.241654485832981	0.0333743944389832	209	208	207	4.99381	5.10040961196172
LINC00858_TSS5379	0.000929736941983086	0.230667009561256	0.0422351923101869	11	1	0	0	0.00223564066985646
MINPP1_TSS12604,TSS20554	0.00128905333898193	0.224385993501363	0.0481717725112822	209	209	209	8.19698	8.42654511961723
PAPSS2_TSS4097	6.38296679135868e-06	0.310809222691463	0.00684628839396081	209	209	208	3.32666	3.86016883253589
PTEN_TSS21772	0.00113130702843685	0.226915396211128	0.0456829999271317	209	209	208	4.63654	4.73907795215311
LINC00865_TSS14761	2.49869934212887e-05	0.291191118637215	0.010825297268501	171	66	1	0.062483	0.0913155685645933
PANK1_TSS12935,TSS21157	0.000747442532357635	0.234770646180481	0.0381344881628613	196	110	0	0.104185	0.113751090047847
HECTD2_TSS10225	0.00103833280942577	0.228562347856978	0.0444569932022312	207	204	61	0.7712	0.87301186507177
LIPA_TSS12113,TSS12555	1.35302929836e-05	0.30018533732249	0.00886789279368715	209	209	209	210.252	262.540378947368
KIF11_TSS13889	2.44259455649264e-05	0.291529526369371	0.0107646826652601	207	206	151	1.32074	1.45967493779904
PDLIM1_TSS23538	0.00049000233698739	-0.242515349527816	0.0327878265333368	209	209	209	160.686	165.61306937799
FRAT2_TSS27520	0.00141398629591633	0.222576683612518	0.0490038178743568	209	209	209	10.9468	10.7738902392344
AVPI1_TSS23920	0.000381770911087806	-0.246979233126201	0.0291296903233296	209	209	209	46.9324	49.1513177990431
KCNIP2_TSS17954,TSS33954	0.00147640657336691	-0.221726892834201	0.0498683695113818	206	205	187	1.88938	1.97993195311005
MIR1307_TSS30590	0.001022361136816	0.228858821141947	0.0441428598279624	176	139	134	8.81069	23.4179037407616
CCDC186_TSS33103	0.00146085686063676	0.221935467975996	0.0497673473111069	207	206	169	1.67323	1.70380646746411
SFXN4_TSS29083	0.000816193054870782	0.233124646476843	0.0403117126777923	208	208	208	5.66678	5.66419928229665
HTRA1_TSS17304	0.000416399101051536	0.245435658975492	0.0303255496681628	174	135	9	0.177177	0.298502291866029
METTL10_TSS14583	0.00070238988254376	0.235926746979603	0.0374818116653467	205	205	160	1.35942	1.47235355023923
FAM175B_TSS402	0.000279251326393826	0.252459605664025	0.0260508874231846	209	209	209	7.20159	7.10213248803828
ADAM12_TSS36501	0.00037855837587881	0.24712894855139	0.0290992935307864	209	208	79	0.902162	1.03655219617225
DEAF1_TSS29200	0.000218302440182249	-0.25669112842194	0.0230981113663085	207	207	207	3.54799	3.71218267942584
PNPLA2_TSS15200	0.000512610966535778	-0.241699794448499	0.0333743944389832	209	209	209	52.4135	54.2104703349282
OSBPL5_TSS6511	4.70232158959115e-05	-0.281591479448199	0.0137287740553441	206	205	201	2.79469	2.93437984449761
TRIM3_TSS35556,TSS8379	0.000257661063504008	-0.253850383166434	0.0247064454571363	208	208	208	2.83002	2.99493267942584
NRIP3_TSS26717	3.23284352256122e-05	0.287322176020989	0.0121416524746914	200	176	9	0.265839	0.372411029808612
WEE1_TSS4598,TSS8500	0.00069690951854648	0.236072015073272	0.0374212683900553	206	205	122	1.11404	1.18695797177033
AMPD3_TSS14989,TSS22629,TSS25071,TSS25967,TSS36176	0.000377129323811779	0.247195926504763	0.0290992935307864	208	207	116	1.18702	1.63070045933014
PLEKHA7_TSS5759	0.000171688767171815	0.260751082303744	0.0216184067865948	209	209	190	2.03717	2.31282423444976
NCR3LG1_TSS14936	0.000143439855258374	0.26374736074732	0.0202567190069574	208	207	144	1.38491	1.47851829602871
GTF2H1_TSS15304	0.00139951985498692	0.222778522620391	0.0490038178743568	209	209	209	10.3744	10.0545167942584
E2F8_TSS23730,TSS28543,TSS8878	0.000676799446069412	0.236614258437197	0.0371237567403009	205	202	35	0.596041	0.684091185645933
PRRG4_TSS8565	0.000783244484675162	0.233896862880448	0.0394104572298855	209	209	190	1.87087	1.99888626794258
SLC1A2_TSS21428,TSS7714	1.62697695644658e-05	0.297513401325041	0.00978471017506324	195	37	0	0.0450002	0.0574359486124402
SPI1_TSS11427	0.00107525787916175	-0.227892649811699	0.045050014050837	209	209	209	263.598	268.699052631579
PTPRJ_TSS17093	0.000221940463842559	0.256409334973276	0.0231551844746109	209	209	209	14.1106	14.2475045454545
GLYATL2_TSS19900	0.000723455192958001	0.235377929749642	0.0379717416574938	27	5	0	0	0.0114226019138756
FAM111B_TSS35554	0.000290337304133535	0.251783916310871	0.0262381423976498	208	207	150	1.32136	1.48381726985646
SLC15A3_TSS6754	0.0010726211939162	-0.227939764909787	0.045050014050837	209	209	209	165.047	169.472996650718
FADS1_TSS12651	3.7220182077671e-06	0.31819058714122	0.0052854726338186	209	209	209	11.9013	13.7663655980861
FADS2_TSS14538,TSS20044,TSS23063	0.000189104747933333	0.259125881964526	0.0224823556368554	209	209	203	7.81713	9.5535348277512
WDR74_TSS27669,TSS31050	0.000679285281850185	-0.236546431918324	0.0371803235318471	208	208	208	6.34241	6.65352660287081
LGALS12_TSS20809,TSS3538	0.000392803103516859	-0.246473842521037	0.0296178174896591	205	203	133	1.30304	1.52151551674641
C11orf84_TSS324	0.000149969982662281	-0.263008633320403	0.0208336017762531	208	208	207	6.1703	6.29894180382775
RASGRP2_TSS23691,TSS35329,TSS8760	2.84359881359349e-05	-0.289256111283725	0.0115373379800418	209	209	209	19.8483	21.506653923445
MEN1_TSS23305,TSS24590,TSS34924,TSS5043	6.56241539919669e-05	-0.276386494536924	0.0152369300033708	209	209	209	6.40773	6.52443583732057
NAALADL1_TSS5304	0.00135764209430791	-0.223373764873732	0.0487462062076261	206	205	181	1.51091	1.56148260095694
ARL2_TSS33940	9.57221418029932e-05	-0.270362418612889	0.0173846491259706	208	208	206	29.3249	31.3264770047847
CST6_TSS4706	0.000901331848264334	0.231254787662633	0.0419599675290076	97	82	5	0	0.173782226794258
PELI3_TSS14501,TSS28537	1.92382579471376e-05	-0.295061523889392	0.00978471017506324	209	209	209	9.90599	10.3773895215311
POLD4_TSS28416	0.00131881980037913	-0.223940787105408	0.0483995850548806	209	209	209	58.4104	61.7966545454545
PPP6R3_TSS1642	0.00131881980037912	0.223940787105408	0.0483995850548806	209	209	209	12.9881	12.7574082296651
STARD10_TSS34780	0.000229384115830182	-0.255845932189013	0.0235473388945192	208	206	197	2.23973	2.50997764401914
LAMTOR1_TSS19163	0.000279122939731682	-0.252467575965096	0.0260508874231846	209	209	209	125.068	128.888501913876
RELT_TSS4066,TSS4607	0.000282795079885723	-0.252240942345657	0.0262381423976498	209	209	208	13.4534	13.8813355598086
PLEKHB1_TSS17097,TSS35974,TSS6067	0.00106406342908457	-0.228093420214585	0.045050014050837	209	208	205	3.37839	3.68126026172249
TMEM135_TSS10658	0.00109732494443078	0.227502438273052	0.0450961905271766	209	209	118	1.07104	1.09745818181818
PICALM_TSS10401,TSS33124	0.00126399388756462	0.224768161823555	0.0474433887812619	209	209	209	65.591	67.282190430622
PANX1_TSS17717	0.00128631891766204	0.224427362237271	0.0481399675759288	209	208	207	3.29781	3.39890802248804
MTMR2_TSS14929	8.923383073829e-05	0.271493164061024	0.0170990740833504	208	208	208	4.06905	4.14482406698565
TMEM133_TSS24657	0.00117156161304699	0.226240577571536	0.0463813561479497	92	25	0	0	0.0395082071770335
MMP10_TSS21575	0.000170129532608845	0.260904003155849	0.0216184067865948	116	52	6	0.0236185	0.144076144497608
ZC3H12C_TSS6750	0.000221583628942705	0.256436783503376	0.0231551844746109	204	164	5	0.209882	0.291283082870813
RDX_TSS21195	0.000511330035940045	0.241745103064017	0.0333743944389832	209	209	209	8.95505	9.34563995215311
SIDT2_TSS5485	0.000301933704207658	-0.251102317138302	0.0263403665981295	209	209	209	98.4199	103.852879904306
TAGLN_TSS7851	0.000217296304751167	-0.256769833957611	0.0230981113663085	209	209	209	56.1296	60.1035291866029
DDX6_TSS19183,TSS31507	8.08164067777262e-05	0.273080935543944	0.01662407034384	209	209	209	16.7631	17.1983333971292
SC5D_TSS19193,TSS896	2.31900645792032e-05	0.292301638222429	0.0105850221555181	209	209	207	4.521	4.72835077990431
OR8G5_TSS23320	0.000152518444459753	0.262728465203722	0.0209598062302998	68	45	8	0	0.126264702392344
CHEK1_TSS21549,TSS24192,TSS31162	0.000158903804685024	0.262045242355636	0.0211597790650389	204	203	147	1.25883	1.26405750047847
ACRV1_TSS35702	5.47347935391898e-05	0.279232858983447	0.0146325182460718	40	21	0	0	0.0241060990430622
RAD51AP1_TSS13299	0.00036898837389861	0.247582034706565	0.0289255068800143	209	209	201	2.69717	2.82317763157895
ATN1_TSS31426,TSS5177	0.000248310557299908	-0.254486673723486	0.0240419172543294	209	209	209	12.4754	13.0639667942584
C1RL_TSS36204	0.000240793058177502	-0.255014617591256	0.0237276904813522	209	209	209	16.2863	16.677969138756
CLEC4C_TSS11364	0.000464574975618286	0.243475283728977	0.0323569508222861	116	61	4	0.0336463	0.120392269856459
EMP1_TSS34283	2.41209770765808e-05	0.291716566100311	0.0107646826652601	209	209	209	10.3761	13.8691862679426
BCAT1_TSS20438,TSS30784,TSS32092	3.63132987267075e-06	0.318523506968284	0.0052854726338186	209	209	185	2.32184	2.75543137799043
KRAS_TSS32043	0.00140712724462914	0.222672145870915	0.0490038178743568	209	209	208	6.29569	6.32676327751196
STK38L_TSS30570	0.000813285510360945	0.233191624430217	0.0402875793223568	209	209	204	2.95789	3.03767628708134
TM7SF3_TSS30095	9.09774294955461e-05	0.271181913571816	0.0170990740833504	209	209	209	13.9018	13.6603640669856
ARNTL2_TSS3808	2.82202529394244e-05	0.289370471568671	0.0115373379800418	208	206	49	0.639262	0.729017996076555
TWF1_TSS3713	0.000218303619528273	0.256691036365407	0.0230981113663085	209	209	208	6.82311	7.11038327272727
ANO6_TSS14447,TSS22327	0.00131138594140551	0.224051103734494	0.0483698932875415	209	209	209	7.34885	7.38433942583732
IGFBP6_TSS9281	0.000126025904065195	0.265882887897623	0.0193591402233135	61	30	1	0	0.0589920392344498
NFE2_TSS25490,TSS3434	0.000357800806788502	-0.248125738092777	0.0286700514806298	208	207	205	7.90111	8.5213067291866
METTL7B_TSS34515	5.76089724426205e-05	0.278433146646698	0.0147921916067174	118	80	10	0.0405179	0.180919493779904
TMEM198B_TSS5402	0.000514901729969984	-0.241619026916489	0.0333743944389832	209	209	209	10.2116	11.0376354545455
CS_TSS4204	0.000620847944340388	-0.238205121234229	0.0357421042911817	209	209	209	41.7559	42.1910708133971
MYO1A_TSS23280,TSS6129	0.00143715835894206	-0.22225728564938	0.049575175186124	205	204	121	1.09558	1.1372869277512
PIP4K2C_TSS13944	0.00141511006630314	-0.222561083721681	0.0490038178743568	209	209	209	12.9902	13.3236709569378
SLC16A7_TSS22722,TSS25486	0.00137252494845464	0.22316032163742	0.0487462062076261	204	168	3	0.19704	0.250628462440191
FRS2_TSS21662	0.000396542706531219	0.246305513712852	0.0296375091276155	208	206	191	1.82397	1.82141233755981
DUSP6_TSS30695	0.00036849528472368	0.247605673984227	0.0289255068800143	209	209	209	24.1362	25.6788074641148
PLXNC1_TSS1135,TSS5112	0.000242680156674435	0.254880661684508	0.0237276904813522	209	209	178	2.22571	2.99771364114833
FGD6_TSS14990	3.13950169827832e-06	0.320479657194761	0.0052854726338186	209	209	124	1.13975	1.22835129665072
VEZT_TSS6677	0.000684729327096469	0.236398686432941	0.0372390772976869	209	209	208	4.53678	4.60219005263158
AMDHD1_TSS1246	0.000580012534959983	0.239452081301509	0.0348040695742314	148	80	0	0.0591302	0.10657714354067
HSP90B1_TSS17287	0.00031222970277677	0.250517245016183	0.0269625115968818	209	209	209	152.362	155.881259330144
CHST11_TSS3539	1.09882340617926e-05	0.303169796127236	0.00798564047022604	209	209	209	11.7907	13.0120266507177
TMEM263_TSS7800	0.00135220733306136	0.22345224203374	0.0487462062076261	209	209	204	2.90418	2.95388183253589
TXNRD1_TSS18465,TSS3793	0.000111398595049432	0.267901963796303	0.0183815037638322	209	209	209	33.674	33.5487971291866
CMKLR1_TSS22814,TSS7058	8.06471643901231e-05	0.273114424520631	0.01662407034384	209	208	172	2.14495	3.48928969138756
SELPLG_TSS11918,TSS24366	2.17137963165071e-06	-0.325374957610466	0.00462521956371864	209	209	209	141.883	148.833581818182
CUX2_TSS12228	0.00030083217867738	0.251166005518286	0.0263341483533305	131	9	0	0.00606642	0.0172312411483254
NAA25_TSS13939	0.000716574574383316	0.235555552196352	0.0377656962800246	209	209	205	2.48238	2.48568933492823
ALDH2_TSS18042	0.000224672652116988	-0.256200521353934	0.0231566841159771	209	209	209	534.132	536.746153110048
SDS_TSS12760	5.23770148103658e-06	0.31353841359323	0.00684628839396081	199	192	114	1.11377	2.37169808755981
WSB2_TSS21648,TSS30584	0.00118723237710193	0.22598361468331	0.04645857937574	209	209	209	27.6287	27.3273842105263
DENR_TSS8457	0.000187740705959624	0.259248018232443	0.022424486845953	209	209	209	12.2411	12.1708361244019
SBNO1_TSS4829	0.000456711142931438	0.243782020822503	0.032115232798105	209	209	206	3.03674	3.09955448325359
TMED2_TSS34180	0.000714904933049253	0.235598890872065	0.037759551442572	209	209	209	52.2665	52.3362909090909
DHX37_TSS22903	0.000111708628149545	-0.267856655180785	0.0183815037638322	209	209	209	5.02392	5.10482535885167
ANKRD20A9P_TSS12675	0.000210848093499164	0.257282462780187	0.0229674276119071	191	0	0	0.0043532	0.0061688594784689
SPATA13_TSS16890,TSS28191,TSS35304	0.00133313120142972	0.223730003546261	0.0485415479198649	209	209	209	14.9419	15.484781291866
USP12_TSS14925	0.000209416610240463	0.257398244755442	0.0229674276119071	209	209	207	5.88383	5.89688670334928
SLC7A1_TSS3015	3.94422397514774e-05	0.284295802854451	0.0123646550144613	209	209	203	2.52784	2.55805097129187
LHFP_TSS1180	0.000828027687622043	0.232854272601662	0.0403117126777923	112	24	1	0.0148828	0.0502691993301435
LACC1_TSS15428,TSS20947	0.000142759219174266	0.263826158339525	0.0202567190069574	209	209	205	3.3634	3.55146050717703
LINC00441_TSS2486	0.000206003911422484	0.257677276282577	0.0228941999124787	70	21	0	0	0.0315376818181818
LPAR6_TSS25909,TSS5480,TSS7289	0.00056806422025147	0.239832291513252	0.0345794186601499	209	209	208	7.16187	7.51318003827751
RCBTB2_TSS14470	0.000132508756782579	0.26505737071772	0.0197067192640462	209	209	209	6.91756	6.95203234449761
INTS6_TSS15968	0.00069803382646896	0.236042127328215	0.0374212683900553	209	209	208	4.04913	4.00204657416268
LOC101926897_TSS22350	2.89525890186196e-05	0.288985556216414	0.0115633926235146	14	0	0	0	0.00101649282296651
SPRY2_TSS27001	0.000435110637819894	0.244650455833318	0.0311536779084435	198	190	71	0.662398	0.936608148325359
RAP2A_TSS29649	5.09641944756178e-05	0.280344103605395	0.0141502532857612	209	209	209	16.0882	16.888431722488
IRS2_TSS5397	0.000826445005758516	-0.232890223640035	0.0403117126777923	209	209	209	14.0603	14.2529357894737
AP1G2_TSS12894,TSS6093	0.00107449471450227	-0.2279062759331	0.045050014050837	209	209	209	25.5724	26.9731018181818
DHRS1_TSS36138,TSS5419	4.86496229391481e-05	-0.281065202371816	0.0139722810331187	207	207	207	8.09258	8.4574956937799
RABGGTA_TSS1319	0.000289614147041497	-0.251827254986583	0.0262381423976498	209	209	209	35.5505	36.6922114832536
SDR39U1_TSS14141,TSS25519,TSS25520	0.000547686350999849	-0.24049813116738	0.0338968784937219	209	208	207	9.05374	10.0159433875598
GMFB_TSS16353	0.00100485493327745	0.229188706746228	0.0439040274252829	209	209	209	14.618	15.1578945454545
WDHD1_TSS27052	0.00136133690424524	0.223320576422695	0.0487462062076261	206	203	5	0.556633	0.544369375645933
DLGAP5_TSS4267	0.000728504170265405	0.235248579053507	0.0380416700069168	206	202	67	0.746482	0.881446073205742
PELI2_TSS28485	0.0013704556819907	0.223189870946441	0.0487462062076261	204	195	8	0.37329	0.431977563636364
PCNXL4_TSS25030	0.00109912541488432	0.22747091923617	0.0450961905271766	209	209	208	4.78429	4.79463212440191
SLC38A6_TSS19296,TSS26222	0.000999062436255779	0.229299023375314	0.0438028043449982	209	209	209	13.7974	14.0174222966507
HIF1A_TSS11811,TSS14118	0.000201171571967495	0.258079843928011	0.0228071262933537	209	209	209	13.0956	14.3772527272727
PLEKHG3_TSS17202	0.000699924068961021	-0.235991978496431	0.0374283663738759	209	209	209	7.45388	7.68578770334928
SIPA1L1_TSS10269,TSS21051,TSS36128	0.000638855671647686	0.237679147306264	0.0360481011544956	209	209	209	3.26989	3.51974827751196
LTBP2_TSS8249	0.000160227224712864	0.261906853008452	0.0212205600564017	194	47	1	0.058792	0.0804806265550239
GTF2A1_TSS27037,TSS29531	0.000819282062253275	0.233053728643859	0.0403117126777923	209	209	206	4.7515	4.93975515789474
GPR65_TSS31368	0.0013505741554398	0.223475881311401	0.0487462062076261	209	209	209	11.7168	12.2649607177033
KCNK13_TSS23487	0.000237607322448315	0.255242991418912	0.0237245342543022	204	201	91	0.841357	0.956969688516746
CALM1_TSS26232	0.000520754993069705	0.241414153176758	0.0335290135462336	209	209	209	77.4965	78.2497358851675
PPP4R3A_TSS12456	0.00125366364903235	0.224927726947769	0.04722774295044	209	209	209	11.8871	11.5825481339713
RIN3_TSS107	0.00141491439380329	-0.222563799181634	0.0490038178743568	209	209	209	30.7012	30.9790105263158
LGMN_TSS835	0.000574411978005053	0.239629387713325	0.0347370976200726	209	209	209	43.2905	53.7584148325359
CLMN_TSS35996	0.000775115900407041	0.234091970873005	0.0392331436243651	209	209	206	2.95878	3.03407938755981
INF2_TSS25474	3.1860008166468e-06	-0.32028266321425	0.0052854726338186	209	209	209	36.8217	37.8844966507177
PACS2_TSS15127,TSS2207	0.00125709843376615	-0.224874538573031	0.0472539603904362	209	209	209	9.75489	9.84219306220096
SERPINA1_TSS15942,TSS26450	0.00120181819374709	-0.225747221906696	0.0465875841757227	209	209	209	993.533	1025.4815215311
GREM1_TSS34952	0.00013249631763376	0.265058918206915	0.0197067192640462	67	4	0	0	0.009517951293689
FMN1_TSS31659,TSS32621	2.03342801786446e-05	0.294245968810075	0.00978471017506324	208	201	30	0.44737	0.619375437129187
ARHGAP11A_TSS31518,TSS32796	9.96862698048952e-05	0.269706428657786	0.0175121749337793	209	209	172	1.5118	1.56742803827751
SPRED1_TSS416	3.57842274528456e-05	0.285781137467506	0.0121416524746914	209	209	209	9.77435	10.2131831578947
BUB1B_TSS16440	0.00101763807133834	0.228947307967057	0.0440607626414069	203	203	122	1.10823	1.20985050717703
INAFM2_TSS4280	0.000461039064187413	0.243612605999263	0.0321984139882362	209	209	209	11.3222	11.0864384688995
CASC5_TSS23856	7.03235036403967e-05	0.275293276672864	0.0157678866364226	207	202	34	0.579838	0.665827817655502
ZFYVE19_TSS35159	0.000395489042839871	-0.246352792268175	0.0296375091276155	209	209	209	12.0539	12.3581081339713
OIP5-AS1_TSS33306	0.000850146923293438	0.232358339892654	0.0406940178020666	209	209	209	15.8987	15.9711946889952
NUSAP1_TSS16271	0.000396191196410869	0.246321273231293	0.0296375091276155	208	208	208	6.77924	7.28625641148325
GATM_TSS21952	0.000647508129220465	0.237431275488675	0.0362085132289903	206	204	160	1.71601	2.04519791196172
C15orf48_TSS10458	5.56675544965995e-05	0.278969085621426	0.0146692614483256	209	209	207	16.5195	21.2813681722488
BLOC1S6_TSS11488,TSS13008,TSS14106,TSS36285	0.000231774207997009	0.255668637606553	0.0235690647821959	209	209	209	13.534	13.8952835885167
MAPK6_TSS4184	0.000914350061173554	0.230983321908686	0.0419599675290076	209	209	208	8.46889	8.61944919138756
LINC01413_TSS17079	0.000845653680049366	0.23245811312461	0.0405548850201536	10	1	0	0	0.00270034832535885
TCF12_TSS15678,TSS19082,TSS23370	0.000651614415920173	0.237314708442318	0.0362085132289903	209	209	209	9.51762	9.73867923444976
LACTB_TSS7105	0.000551611562739724	0.240368115140243	0.0339752847113014	209	209	209	32.3842	32.6248306220096
RAB8B_TSS22457	0.00119279932027667	0.225893078463776	0.0464773527829147	209	209	209	14.4979	14.8192458851675
CSNK1G1_TSS14333	0.00079855447202418	0.233534393956307	0.0398668962097853	209	209	207	3.28838	3.22007231100478
KIF23_TSS32997	0.00063015172918882	0.237931640916953	0.0359359166282908	206	205	127	1.12158	1.19520530478469
ARIH1_TSS7753	0.000600786889654676	0.238807922814593	0.0353293583157864	209	209	209	8.14648	8.08144421052632
ADPGK_TSS10706	0.000533224584965368	-0.240984706299243	0.0336886256164961	209	209	209	73.5863	75.9529516746411
CSPG4_TSS34313	0.000402339981295108	-0.246047451598383	0.0298959658775705	209	208	183	2.69232	3.15999306555024
ODF3L1_TSS109	0.000171161226385151	-0.260802674863069	0.0216184067865948	206	205	180	2.3205	2.74379872583732
ZNF592_TSS24716	0.000209610920759226	-0.257382485237001	0.0229674276119071	209	209	209	12.7737	12.6561106698565
SV2B_TSS2736,TSS8769	0.00131974322936737	0.223927123436038	0.0483995850548806	133	1	0	0.0036376	0.0111923764114833
SLCO3A1_TSS22107	8.46043047241652e-05	-0.272348117936442	0.0168950830707374	209	209	209	6.78422	7.16266339712919
CHSY1_TSS7777	0.000247515046586714	0.254541832038029	0.0240419172543294	209	209	209	4.20712	4.35076971291866
HAGH_TSS32493	0.000622247115389214	-0.238163752498322	0.0357421539695814	209	209	209	21.704	22.9458264114833
MSRB1_TSS18648	0.00142473948912395	-0.222427873335081	0.0492131974074289	209	209	209	31.2292	32.204883062201
TSC2_TSS25995	0.00074717073554625	-0.234777425973333	0.0381344881628613	209	209	209	10.919	11.0058342105263
ZNF213_TSS35656,TSS5519	0.000376584245390663	-0.24722153572223	0.0290992935307864	208	208	206	2.84601	2.94073873684211
CORO7_TSS4096	0.000778638879114693	-0.234007179509534	0.039255992877812	209	207	207	18.7	19.0896582975828
GSPT1_TSS30619,TSS3345	0.000212054024349989	0.25718549125649	0.0229674276119071	209	209	209	13.7788	13.3890309569378
FOPNL_TSS7503	0.000581702026390794	0.239398904756127	0.0348040695742314	209	209	209	8.88799	9.09163641148325
ITPRIPL2_TSS17307	0.000597116843504312	0.238920209383485	0.0353293583157864	209	209	209	7.15889	7.22912291866029
HS3ST2_TSS15246	9.2896233403211e-07	0.336334389890403	0.00399810514292415	162	117	31	0.123074	0.584588838755981
TBC1D10B_TSS29337	0.000242568770808555	-0.254888541443729	0.0237276904813522	209	209	209	12.9623	13.4541126315789
PRR14_TSS5236	0.0011655389666641	-0.226340173788035	0.0463333460760514	208	208	208	9.45384	10.204043492823
ITGAL_TSS12729	1.07447259371763e-06	-0.334485929209113	0.00399810514292415	209	209	209	61.7303	61.822323923445
KAT8_TSS35709	0.00115182781063257	-0.226568686805428	0.0460749149727373	209	209	209	28.913	29.93173784689
SHCBP1_TSS22188	1.19363375851673e-06	0.333142430262026	0.00399810514292415	209	209	159	1.46613	1.63754708133971
ORC6_TSS8576	0.000959817513469858	0.230062297655207	0.0428165714865672	205	204	150	1.36754	1.43266435406699
KIAA0895L_TSS3907	0.000734010106570599	-0.235108460176984	0.0380568607181564	207	207	204	2.37298	2.51003813397129
ACD_TSS15514	8.35905786285807e-05	-0.272541172037344	0.01682408488445	208	207	206	3.22843	3.3850360239235
DPEP2_TSS29210	0.000224335894604734	-0.2562261305714	0.0231566841159771	209	209	209	30.474	31.4871745454545
CYB5B_TSS28247	0.000258073664451915	0.253822804009163	0.0247064454571363	209	209	209	10.6068	10.7363783732057
ST3GAL2_TSS11591	0.000187126668591684	-0.259303269540306	0.022424486845953	209	209	209	15.3721	15.6850083732057
BCAR1_TSS11528,TSS12694,TSS13521,TSS29281,TSS29637,TSS6650,TSS7009	0.000616204996437117	-0.238343017020587	0.0357161358592498	209	209	209	9.10515	9.67724
CENPN_TSS3997	0.000100026506800664	0.269651270343243	0.0175121749337793	209	209	208	3.95032	4.02498379425837
GALNS_TSS11857	0.000939871596269967	-0.230461287860331	0.0423704724378424	209	209	209	13.0542	14.0552807177033
SPIRE2_TSS12543	8.24556381676804e-05	-0.272759933174962	0.0167273695809847	207	207	206	5.59326	5.68016766028708
CRK_TSS16519	0.000193094922233309	0.258773262739411	0.0226665162699238	209	209	209	13.1737	12.9311755980861
TSR1_TSS34150	0.000642349724042651	0.237578680376203	0.0360877357448207	209	209	208	4.76845	4.73957442583732
DLG4_TSS12133,TSS23915	7.31841447566007e-05	-0.274660925768644	0.0159885463600297	207	207	205	3.71742	3.79329201913876
TNFSF13_TSS22779	0.0014079748418771	-0.222660326232085	0.0490038178743568	209	209	209	278.651	298.165307655502
LINC00324_TSS5247	0.000203494808190766	-0.257885189826532	0.0228071262933537	206	206	204	2.36943	2.45677345454545
LRRC75A_TSS17836	0.000467550995231601	-0.243360453704209	0.0324704042162297	209	209	209	11.6389	11.486281291866
MAPK7_TSS13214,TSS22778	0.00144168659313119	-0.222195420438078	0.0495784326481923	208	208	208	7.16544	7.53719105263158
SPECC1_TSS11661,TSS21829,TSS9232	0.000380288325516366	0.24704818101938	0.0291034427800115	209	204	136	1.20581	1.33966531100478
TMEM97_TSS31165	6.62097864390891e-06	0.310300978221744	0.00684628839396081	209	209	208	3.56094	3.87726945454545
ABHD15_TSS2981	0.000861330551509042	-0.232112097417015	0.0410755041550795	209	209	209	14.249	14.4183098086124
RAB11FIP4_TSS21984,TSS33478	0.000939384055689732	-0.230471137559356	0.0423704724378424	209	209	208	3.99309	4.3094913492823
MYO1D_TSS390	0.000325221689705167	0.249804038192959	0.0274879668956474	204	200	42	0.480405	0.680069385167464
CCL7_TSS25487	4.47470666607965e-05	0.282357517163276	0.0136863082205249	160	152	66	0.551341	0.996229819138756
CCL2_TSS18066	0.000485476192888234	0.24268279441125	0.0327878265333368	209	209	206	16.0706	22.5119714736842
ACACA_TSS12862,TSS15183,TSS33068	0.000615280263444981	0.238370596177858	0.0357161358592498	209	209	196	1.77586	1.75459993779904
TOP2A_TSS531	0.000529880300368453	0.24109896280794	0.0336886256164961	209	209	206	2.78423	3.13477021052632
KRT10_TSS856	0.000333730825712219	0.249351130075764	0.0278742155266499	207	206	191	2.45483	2.53980214449761
KRTAP9-7_TSS25236	0.00101060178696832	0.229079835253889	0.0439319596542469	2	1	0	0	0.00100574114832536
RARA_TSS19901,TSS20305,TSS8154	1.18374006925107e-05	-0.302106028632475	0.00798564047022604	209	209	209	47.1502	47.252980861244
DHX58_TSS19000	0.000932486028129643	-0.23061100328552	0.0422611265337266	209	209	209	13.8032	14.1567756937799
RAMP2_TSS4686	0.000231908683036993	0.255658713062422	0.0235690647821959	35	18	0	0	0.0299275622009569
AOC3_TSS29860,TSS5849	0.00047983359540017	-0.242893577970397	0.0325332268753946	209	209	209	52.3673	58.1172094736842
BRCA1_TSS1360,TSS2433,TSS35183,TSS7822	0.0011980345337852	0.225808290040655	0.0465875841757227	209	209	204	2.24776	2.28043762200957
HEXIM1_TSS22414	5.14836491364107e-05	-0.280186508420986	0.0141502532857612	209	209	209	8.9057	9.11229325358852
FMNL1_TSS3167	0.000773895101790378	-0.23412143601823	0.0392331436243651	209	209	209	46.4981	47.2383062200957
PLEKHM1_TSS31679	0.00121842350650589	-0.225481280033006	0.0467614404925202	209	209	209	7.69227	7.79258354066986
ITGB3_TSS7292	0.000545282223961022	0.240578189906968	0.0338968784937219	181	89	13	0.0751878	0.263204575406699
THCAT158_TSS28600,TSS32749	0.000284241801411975	0.252152405757565	0.0262381423976498	26	21	1	0	0.035532633492823
DLX3_TSS20775	0.00146681080647804	-0.221855366260065	0.0497673473111069	194	172	32	0.427603	0.569069438277512
ACSF2_TSS354,TSS9763	0.000341702460868544	-0.248936457598075	0.0279503437234266	208	208	208	23.3983	23.8141770334928
SRSF1_TSS17282	0.000711727393615105	0.23568162834388	0.0377437010543479	209	209	209	13.8333	13.808276076555
SKA2_TSS32116	0.000134148474314152	0.26485456190196	0.0197067192640462	209	209	172	1.57101	1.73307483253589
RPS6KB1_TSS23804	0.00063578726394073	0.237767794597494	0.0359543324194447	209	209	208	3.49789	3.46516766985646
BRIP1_TSS22987	0.00034225803315334	0.248907893460657	0.0279503437234266	207	195	3	0.312831	0.338061548947368
GNA13_TSS28449,TSS33798	0.00122686707625291	0.225347324126258	0.0467614404925202	209	209	209	17.3541	17.8211250239234
MIR635_TSS2391	6.69602949215682e-06	0.310144310567241	0.00684628839396081	52	52	52	0	6.23446277511962
FAM20A_TSS19359,TSS6805	0.000859427103526691	0.232153799180178	0.041061338678964	206	201	57	0.611654	0.891293261244019
KIAA0195_TSS33481	0.000170803344524108	-0.260837759655169	0.0216184067865948	209	209	209	13.6766	13.7596968899522
TRIM47_TSS25847	0.000297862388486192	0.251338800051956	0.0263341483533305	207	205	191	2.10838	2.53512616526316
UNC13D_TSS33092	1.11517693622832e-05	-0.302959012568089	0.00798564047022604	209	209	209	30.1934	31.2531688995215
LOC105274304_TSS26517	0.0010082416219491	0.229124478486929	0.0439040274252829	145	72	0	0.0534717	0.0835505688995215
MXRA7_TSS11006,TSS27965,TSS3216	0.000533777762007782	0.240965871072802	0.0336886256164961	205	199	131	1.45952	4.13946313205742
CBX8_TSS34130	0.00130612382580926	-0.224129538973321	0.0483698932875415	204	204	193	2.40015	2.62534970334928
CCDC40_TSS4610	0.000425617117755632	-0.245044840117433	0.0308192610395232	207	206	144	1.22249	1.37265296889952
LGALS3BP_TSS1138	3.89727238027274e-05	-0.284479007256327	0.0123646550144613	209	209	209	442.67	455.256210526316
SLC38A10_TSS14619	0.00137443291738512	-0.223133111785312	0.0487462062076261	209	209	209	24.6261	25.3565587559809
FAAP100_TSS21289	0.000732228850334614	-0.235153684476109	0.0380416700069168	208	208	208	5.96688	6.13675459330144
GPS1_TSS5773	0.00129231554505946	-0.224336745006236	0.0482231790471018	209	209	209	36.4775	37.4849578947368
C17orf62_TSS31546,TSS9548	0.00137498590335661	-0.223125232026091	0.0487462062076261	209	209	209	49.2245	50.9502124401914
SEH1L_TSS35104	0.000834714300389836	0.232703079358549	0.0403117126777923	209	209	209	9.19055	9.06757220095694
MIB1_TSS13587	0.00137222300867024	0.223164630822193	0.0487462062076261	209	209	185	1.73499	1.75787308133971
RIOK3_TSS21852	0.00133192198332645	0.223747733004507	0.0485415479198649	209	209	209	15.7581	16.3631220574163
ANKRD29_TSS32404	0.000294047730271194	0.251563117468781	0.0262802588582587	204	201	50	0.69321	0.767726273205742
PCAT18_TSS24963	0.000196923703002601	0.258441238416481	0.0226737242002229	28	0	0	0	0.00207415899521531
GALNT1_TSS12819	8.53048231149407e-06	0.306757056512346	0.00798564047022604	209	209	209	17.6772	18.118590430622
CTIF_TSS34326	0.000304742803891174	-0.250940872068615	0.0264950027559943	207	207	207	3.09205	3.2458909569378
LIPG_TSS30672	0.000743949774434498	0.234857944292904	0.0381344881628613	76	2	0	0	0.00919164990430622
ME2_TSS2857	0.000235051156104135	0.255428304950329	0.023642776900078	209	209	209	12.9474	13.1295695215311
C18orf54_TSS11695,TSS25226,TSS28782	0.000736067183756851	0.235056358779227	0.03808626170852	201	195	7	0.439217	0.457239381100478
TCF4_TSS1890,TSS19101,TSS27183,TSS28651,TSS32658,TSS33580,TSS34348,TSS36266,TSS3791	1.00133700854449e-05	0.304491625736467	0.00798564047022604	208	207	56	0.726567	0.796748794258373
TNFRSF11A_TSS13281	0.00140061754880891	0.222763140569064	0.0490038178743568	199	136	4	0.154303	0.224221657464115
POLRMT_TSS10532	3.71755962429174e-05	-0.285200005224998	0.0121826335328873	209	209	209	15.7232	16.2266788995215
BTBD2_TSS1309	0.000739156687977764	-0.234978359833454	0.0381344881628613	209	209	209	14.6021	15.0152016267943
DIRAS1_TSS3522	0.000595663364783338	0.238964855488326	0.0353293583157864	153	42	0	0.0345165	0.0644254807177033
OAZ1_TSS14298	0.000969152023343541	-0.229878185678018	0.0430211612732675	209	209	209	782.315	803.348688995215
MPND_TSS4566	0.00144501124067537	-0.22215011182256	0.0495784326481923	209	209	209	29.4393	30.3489688995215
KDM4B_TSS2445	0.00104197711029998	-0.228495287934828	0.0444640683078093	208	208	206	4.33583	4.52964595215311
GPR108_TSS13311	7.24706112719218e-05	-0.274816452512249	0.0159691490924275	209	209	209	30.3333	31.8232368421053
ARHGEF18_TSS18131,TSS26812	9.78819601138582e-05	-0.270001919628553	0.0174574731693105	209	209	209	12.4516	12.4242464114833
MARCH2_TSS34235	0.00130887247199029	-0.224088532590791	0.0483698932875415	209	209	209	56.7652	58.083333492823
S1PR2_TSS26080	0.000832690513519335	0.232748721854745	0.0403117126777923	206	205	107	1.03218	1.09198094449761
RGL3_TSS22698	0.000631243948441085	-0.237899780564437	0.0359359166282908	208	207	191	3.06079	3.38297424401914
IL27RA_TSS1286	0.000371173516554309	-0.247477627896895	0.0289255068800143	209	209	209	12.6546	13.355818708134
OCEL1_TSS3777	2.27534040530017e-05	-0.292583759329278	0.0105745411090687	206	206	206	8.85152	9.14657693779904
DPY19L3_TSS21121,TSS32291	0.00051027411015985	0.241782531920314	0.0333743944389832	209	209	198	1.91978	2.04188932057416
POLR2I_TSS35368	0.00122176970324927	-0.225428091658268	0.0467614404925202	209	208	208	16.2949	18.0038103349282
RASGRP4_TSS24505	0.0004700148491845	-0.243265896593564	0.0324704042162297	209	209	209	12.5943	12.9323371291866
ECH1_TSS27321	0.000881067403645113	-0.231684620479306	0.041628399084238	209	209	209	115.08	118.749938277512
ACTN4_TSS9698	3.76732880723437e-05	-0.284997101425071	0.0121894546381921	209	209	209	99.4658	101.073481339713
MAP3K10_TSS20799	0.000235863546399589	-0.255369206756176	0.023642776900078	209	208	204	2.45966	2.54742909186603
RAB4B_TSS28858	0.000661213906261045	-0.237044826689018	0.036503863192092	208	207	207	26.1628	27.5515301435407
DEDD2_TSS18462,TSS8245	0.000687941871908896	-0.236312009081516	0.0373343570867586	209	209	209	34.025	35.0330477033493
RRAS_TSS33985	0.00139867691699539	-0.222790342259222	0.0490038178743568	209	209	209	38.0041	38.0368679904306
OSCAR_TSS34207	0.000176263184521214	-0.260309815787399	0.0216608810555132	209	209	209	78.2697	79.9575966507177
ZNF835_TSS28207	0.00121022872652872	-0.225612105168817	0.0467040662999731	205	195	16	0.524945	0.540037592535885
TRIB3_TSS12636,TSS15112,TSS21067,TSS28778	0.000591618762282048	0.239089624206725	0.0352502731531269	208	208	206	4.00152	4.63322618660287
FAM110A_TSS12440,TSS22271,TSS32681,TSS5606	6.30106915258709e-05	-0.277026724973585	0.0152369300033708	209	209	208	8.40115	9.07392046411483
ANGPT4_TSS20384	0.000315164821766367	-0.250353740012359	0.0269884828856357	208	208	207	13.0669	14.0791536650718
RASSF2_TSS28636,TSS36094	0.000215020777249313	0.256949098479876	0.0230981113663085	209	209	197	3.1514	4.31977766985646
SLC23A2_TSS11098,TSS27023	0.000271637070406085	0.252938301036667	0.0256818839345821	209	209	204	3.08211	3.25947370334928
MCM8_TSS32329	0.000405021374082903	0.245929255210076	0.0300079749070524	208	207	176	1.47803	1.49795008421053
NAA20_TSS16324,TSS8669	0.00134880691784966	0.223501490528868	0.0487462062076261	209	209	209	43.5073	44.0573272727273
THBD_TSS5818	0.000475446498202275	-0.243059052914027	0.0325035427949965	209	209	209	49.0502	52.29961
TPX2_TSS15916	0.00130385876560191	0.224163390303386	0.0483698932875415	209	209	205	2.89567	3.15252345454545
PLAGL2_TSS31047	0.000744490530740155	0.234844403926707	0.0381344881628613	209	209	208	3.48738	3.46157261722488
GGT7_TSS3005	6.43974849804534e-05	-0.276683955447496	0.0152369300033708	208	208	207	3.41554	3.62556299521531
MMP24-AS1_TSS16761	0.000617992035701318	-0.238289828645849	0.0357386751686909	209	209	209	25.1539	26.0881310526316
LINC00657_TSS22410	0.000384453084417711	0.246855126918479	0.0292470395559557	209	209	209	17.2944	17.2382983732057
RBL1_TSS2541	5.07771126840099e-05	0.280401231859743	0.0141502532857612	209	209	203	2.62197	2.70092805741627
PKIG_TSS31288,TSS32891	0.00108244456170365	-0.227764766998271	0.045050014050837	206	206	206	5.73119	6.28342483253588
PI3_TSS18617	0.00108771858350757	0.227671413793498	0.0450961905271766	133	127	58	0.298192	1.71981495645933
SDC4_TSS35139	2.06711141760266e-05	0.294003666214046	0.00978471017506324	209	209	207	10.0712	10.6220354258373
PCIF1_TSS9796	0.00119049996053009	-0.225930426308572	0.04645857937574	209	209	209	11.8475	11.9277896172249
LINC01272_TSS2925	0.000835676702570988	-0.232681410020693	0.0403117126777923	209	209	209	99.8809	105.37155645933
AURKA_TSS21200	3.70222392147287e-05	0.285263043298761	0.0121826335328873	209	209	205	3.07825	3.2044408708134
SLMO2_TSS9053	0.0014489230364679	0.222096923447822	0.0496460076878766	209	209	209	11.8968	12.0050208133971
ZGPAT_TSS4660,TSS810	0.000417612514502301	-0.245383757886887	0.0303255496681628	209	209	209	9.84646	10.2166755023923
RGS19_TSS11969,TSS20053	0.000489788469251963	-0.242523229287036	0.0327878265333368	209	209	209	70.352	73.1447866028708
MIR155HG_TSS17780	0.00023988219306998	0.255079625604825	0.0237276904813522	208	207	204	5.01893	5.37763669378727
IFNAR1_TSS94	0.000714980747944323	0.23559692093226	0.037759551442572	209	209	209	11.7995	12.076871722488
AATBC_TSS11555	7.73791717580006e-05	-0.273774354355344	0.0165109615868382	209	209	209	6.10016	6.70050803827751
MED15_TSS24217,TSS35798	0.00147657798547488	-0.221724604824656	0.0498683695113818	209	209	209	17.7881	18.2279843062201
TOP3B_TSS22282	0.000909512117575769	-0.231083788838747	0.0419599675290076	209	209	209	4.68257	4.78831454545455
UPB1_TSS5346	2.04648134819132e-05	0.294151622301968	0.00978471017506324	93	19	0	0	0.0365739837320574
GAS2L1_TSS6066	3.59002094831892e-05	-0.285731888972378	0.0121416524746914	209	209	209	9.81105	10.2151449282297
TIMP3_TSS27536	0.000169781962091369	0.260938269169475	0.0216184067865948	183	66	8	0.0564244	0.206792026172249
FOXRED2_TSS1990,TSS30974	0.000124210099431522	0.266121233650911	0.0192420263731463	207	207	186	1.57133	1.67220865550239
NCF4_TSS11768	0.000176221842930535	-0.260313755667009	0.0216608810555132	209	209	209	112.549	114.645828708134
TST_TSS19577,TSS20330	0.000417386101610967	-0.245393431583085	0.0303255496681628	209	209	209	19.8863	21.744026507177
ARFGAP3_TSS8446	0.000122625410897099	0.266331921771628	0.019112366633785	209	209	209	16.9573	16.7260111004785
MCAT_TSS12887	0.000827741970766532	-0.232860758053262	0.0403117126777923	207	207	200	2.25384	2.52420006698565
TTLL1_TSS7413	0.00110237698011205	-0.227414117209949	0.0450961905271766	206	205	201	2.78881	2.76287934066986
SAMM50_TSS9891	0.000295513504626587	-0.251476605701273	0.0263192358597916	209	209	209	32.1629	32.2121623444976
PPARA_TSS23356	0.00138831881646708	0.2229361178048	0.0490038178743568	209	209	204	1.97622	1.97858903827751
ARSA_TSS32176	0.00135821113278475	-0.223365564682315	0.0487462062076261	209	209	209	8.10164	8.80237612440191
ATXN3L_TSS35934	0.000433303555508823	0.244724907999632	0.0311536779084435	110	17	0	0.012968	0.0319248168191627
CA5BP1_TSS17028	4.56564996254669e-05	-0.282047143097657	0.0137287740553441	205	205	205	4.6452	4.89303827751196
AP1S2_TSS35077	0.00123361043543604	0.225240947376782	0.0468533675188421	209	209	209	9.80097	10.4656961244019
RBBP7_TSS15591,TSS23077	0.000194200816208807	0.25867673568896	0.0226665162699238	209	209	209	19.632	19.5411065550239
MBTPS2_TSS22281	0.00118168431894667	0.226074231914345	0.04645857937574	209	209	208	2.74622	2.77160716267943
KLHL15_TSS25778	0.000887337330135872	0.231550664572558	0.0418472868922565	208	208	189	1.85498	1.87937819138756
GK_TSS21093	0.000601239030842576	0.238794133235958	0.0353293583157864	209	209	209	11.4909	12.21285215311
GPR82_TSS36470	0.000495946329151911	0.242297612476597	0.0329269717388364	202	185	39	0.450755	0.724404706698565
SLC9A7_TSS4274	0.000158940478873575	0.262041392876093	0.0211597790650389	209	209	149	1.40097	1.54185429665072
UBA1_TSS29568,TSS30009	1.13959026463296e-05	-0.302649732018686	0.00798564047022604	209	209	209	72.2889	73.539795215311
HDAC6_TSS23024	0.00139125111942434	-0.222894749068893	0.0490038178743568	209	209	209	14.3797	14.327014784689
SYP_TSS6037	1.18717709740851e-05	-0.302064511543971	0.00798564047022604	203	202	93	0.950747	1.05227711435407
PPP1R3F_TSS29845	0.000514667977526663	-0.241627253292742	0.0333743944389832	206	203	20	0.613346	0.655169773110048
CCDC22_TSS29340	0.00030043549010088	-0.251188994489727	0.0263341483533305	209	209	209	15.9366	16.6683514832536
IQSEC2_TSS24617,TSS3634	0.000913114617288536	-0.231008931126152	0.0419599675290076	209	209	209	21.9236	22.1192535406699
APEX2_TSS1524	0.0001412724317745	-0.263999513042375	0.0202023747820802	209	209	208	18.6763	18.875048569378
MAGT1_TSS34619	0.00100776273826037	0.229133548431685	0.0439040274252829	209	209	209	18.4225	19.0473155980861
GUCY2F_TSS8382	0.000399294140070943	0.246182602245115	0.0297561443567154	145	9	0	0.01835	0.0284718490430622
AMMECR1_TSS12019,TSS34066	0.00024320859536459	0.254843324222071	0.0237276904813522	207	205	44	0.704585	0.72552949569378
SNORA35_TSS11908	0.000337287948089464	0.249164969965619	0.0279010266702744	4	4	4	0	0.0920976076555024
XIAP_TSS26408,TSS28480	0.000927559885089465	0.23071147021558	0.0422351923101869	209	209	209	7.60187	7.73539406698565
MMGT1_TSS17992	0.000835851794500604	0.232677470141083	0.0403117126777923	209	209	208	10.9242	11.0444530956938
ATP11C_TSS6552	0.00132722901030606	0.223816680897686	0.0485340496887457	209	209	200	2.58697	2.61133078947368
FGF13_TSS2270,TSS27526,TSS33939,TSS3978	0.000272281622247633	0.252897298709783	0.0256818839345821	174	102	2	0.0971497	0.156920122105263
FHL1_TSS10004,TSS15569,TSS18174,TSS32008,TSS33805,TSS765,TSS7962	0.00121323500736208	-0.225564017504821	0.0467040662999731	209	209	209	82.498	85.7244406698565
HMGB3_TSS31686,TSS32129,TSS7824	1.06945509018135e-05	0.303555904329038	0.00798564047022604	208	207	135	1.20717	1.30065132966507
GABRE_TSS30383	0.000863225228650738	-0.232070671954288	0.0410891993846211	199	187	85	0.728892	1.28686729090909
BRCC3_TSS8924	0.000598852696995897	0.238867021008747	0.0353293583157864	209	209	209	8.05958	8.10810789473684
VBP1_TSS13612,TSS20492,TSS6007	0.00136423932796874	0.22327888733089	0.0487462062076261	209	209	209	11.0093	11.2276761722488
