gene_names	pvalue	corr_coef	fdr	pval_dir	fpkm>0_num	fpkm>0.1_num	fpkm>1_num	fpkm_median	fpkm_mean
LOC729737_TSS22631	0.00023204523263729	NA	0.0273182468119118	0.00023204523263729	209	208	54	0.637876	0.779402459808612
HES4_TSS29140	9.56751458081434e-05	NA	0.0151814468941655	-9.56751458081434e-05	160	127	13	0.189043	0.4114117
ACOT7_TSS27249,TSS29587,TSS669,TSS8017	6.56319116382888e-05	NA	0.0117251639624012	-6.56319116382888e-05	209	209	209	37.1538	40.0575468899521
CELA2B_TSS35382	2.00587315255901e-06	NA	0.000854067357140415	2.00587315255901e-06	191	188	147	2.0821	3.39398342248804
TCEA3_TSS33337	1.33886251493255e-07	NA	0.000106868891461571	1.33886251493255e-07	209	209	198	6.2555	6.60117870813397
STMN1_TSS22933,TSS29867,TSS31608	2.42125456470549e-06	NA	0.000997674038137599	2.42125456470549e-06	209	209	209	88.3996	93.6507004784689
SDC3_TSS10690	0.00015015362650924	NA	0.0206235198732879	0.00015015362650924	209	209	209	9.14426	10.0523053110048
MTMR9LP_TSS8444	2.90057718959535e-05	NA	0.00661616477344574	-2.90057718959535e-05	206	202	93	0.906973	1.10124871818182
KIAA1522_TSS13535,TSS27308	0.000177757055079315	NA	0.023169181051588	0.000177757055079315	209	209	209	5.41445	5.61656267942584
SCMH1_TSS11295,TSS13491,TSS25871,TSS6290	9.75121638300441e-06	NA	0.00283084460155243	9.75121638300441e-06	209	209	208	3.92168	4.02309818660287
NFYC_TSS10115,TSS36224,TSS5875,TSS9688	0.000594310344129152	NA	0.0492949557190501	-0.000594310344129152	209	209	209	16.6704	16.7722905741627
PPAP2B_TSS6393	0.000168065178639271	NA	0.0221317583438013	0.000168065178639271	209	209	209	12.7149	13.742394354067
BCAR3_TSS20817,TSS25925,TSS30848,TSS6545,TSS8550	1.0678302634376e-05	NA	0.00299778678461981	1.0678302634376e-05	209	209	209	15.3034	15.3320407655502
SNX7_TSS33370	3.84595030239531e-05	NA	0.00798800751018643	-3.84595030239531e-05	208	207	204	5.40853	5.54343562057416
ATP1A1_TSS1303,TSS34668,TSS9640	3.01606484876503e-06	NA	0.00118350776996915	-3.01606484876503e-06	209	209	209	85.8132	88.4744205741627
POLR3C_TSS16238,TSS18646	0.000452838281349488	NA	0.0418980414278633	-0.000452838281349488	209	209	209	6.73006	6.82838660287081
NOTCH2NL_TSS3039	1.18425624086293e-07	NA	9.7594174791372e-05	-1.18425624086293e-07	209	205	35	0.668443	0.760853249043062
RNU1-13P_TSS295	1.77391228953533e-05	NA	0.00448694428324346	1.77391228953533e-05	19	19	19	0	0.671648181818182
FDPS_TSS25964,TSS33602	0.000513698300751846	NA	0.0447899334106055	-0.000513698300751846	209	209	209	41.5633	42.9390387559809
TSTD1_TSS12981	0.000513698300751846	NA	0.0447899334106055	0.000513698300751846	208	208	206	12.1221	13.1701690574163
SH2D1B_TSS33625	0.000283633593165231	NA	0.0308339889557113	0.000283633593165231	171	104	7	0.0975658	0.24486860861244
HSD17B7_TSS29030	0.000206614871141574	NA	0.0253768755435278	-0.000206614871141574	207	207	207	7.49347	7.87665186602871
DUSP27_TSS33655	0.000422413106632155	NA	0.0404266571991362	0.000422413106632155	199	174	86	0.686194	1.12485734095694
LOC730102_TSS6664	4.89920069438286e-05	NA	0.00948180910146962	4.89920069438286e-05	209	209	209	8.27299	8.64477923444976
GLUL_TSS3985,TSS6595	0.000358370576423745	NA	0.0367682454453711	0.000358370576423745	209	209	209	284.354	287.055057416268
CNIH3_TSS29693	8.43238586486124e-06	NA	0.00256454954392393	-8.43238586486124e-06	167	98	3	0.0862147	0.192046942057416
OBSCN_TSS5086	4.64070688594611e-05	NA	0.00920826371569093	4.64070688594611e-05	207	173	1	0.170226	0.219102973588517
ODC1_TSS14668,TSS9374	0.000462490612700413	NA	0.0418980414278633	-0.000462490612700413	209	209	209	16.1159	16.7394486124402
QPCT_TSS25772	1.26277817856387e-05	NA	0.00339580990818643	-1.26277817856387e-05	209	209	209	6.17898	8.52554885167464
LINC01122_TSS952	0.000280078148618305	NA	0.0306841841665642	0.000280078148618305	140	31	1	0.0195198	0.051061338708134
GNLY_TSS9696	4.72046639273095e-05	NA	0.00920826371569093	4.72046639273095e-05	198	195	158	2.61008	6.18558918947368
LOC90784_TSS25085	2.84875788452132e-10	NA	1.03967453822666e-06	2.84875788452132e-10	209	209	193	2.32121	2.2302226507177
LOC101060091_TSS26848	3.8484371345437e-06	NA	0.00134825940357779	3.8484371345437e-06	190	185	122	1.2535	1.50431036602871
BIN1_TSS3587	3.74969820480368e-06	NA	0.00134825940357779	3.74969820480368e-06	208	206	206	8.81611	9.51808426746411
PLA2R1_TSS17823	4.72181683467927e-05	NA	0.00920826371569093	4.72181683467927e-05	200	169	13	0.301151	0.381486594832536
NUP35_TSS12185,TSS30354	0.000116873620433959	NA	0.017354670405868	0.000116873620433959	207	207	199	2.38259	2.37153987559809
FTCDNL1_TSS26808	4.8323349348907e-08	NA	5.36691120446849e-05	-4.8323349348907e-08	207	207	200	4.33497	4.50293349760766
PPIL3_TSS9978	7.00400251093712e-05	NA	0.0122555652155418	7.00400251093712e-05	206	206	206	9.24654	9.42275894736842
ACKR3_TSS15815	4.13692339592338e-05	NA	0.00852306306416569	4.13692339592338e-05	209	209	208	25.4759	31.5220517559809
TSEN2_TSS14601,TSS6945	0.000497806386273568	NA	0.044005051038515	-0.000497806386273568	209	209	209	8.91694	9.33999177033493
CMTM7_TSS7211	1.89766997075226e-05	NA	0.00475291909243215	1.89766997075226e-05	209	209	209	45.5934	45.474756937799
ULK4_TSS21471	9.39621991782875e-08	NA	8.00150767469237e-05	-9.39621991782875e-08	209	208	67	0.747137	0.898160312440191
ZBTB47_TSS17104	8.79578763597349e-07	NA	0.000416122197659657	8.79578763597349e-07	209	209	209	6.91732	7.044584784689
FYCO1_TSS21239	0.000190080947328964	NA	0.0236877949337221	0.000190080947328964	209	209	208	5.3242	5.32528220574163
DOCK3_TSS35590	0.000117522917767846	NA	0.017354670405868	-0.000117522917767846	203	184	5	0.272066	0.320845450813397
ALAS1_TSS22616	0.000164329433153779	NA	0.0218862602891507	0.000164329433153779	209	209	209	101.988	103.519875598086
IL17RB_TSS11919	0.000487467741013203	NA	0.0432407582627232	0.000487467741013203	209	209	209	11.8561	12.8339652631579
CD86_TSS31831,TSS34538	0.000183821933986079	NA	0.0232480145917938	-0.000183821933986079	209	209	209	40.1621	40.7454937799043
NUDT16P1_TSS32636,TSS4682	5.76203480933274e-06	NA	0.00188721414453876	5.76203480933274e-06	208	208	207	5.18615	5.12290329186603
FAIM_TSS22098,TSS22130	1.63242960459724e-07	NA	0.000117562561580527	-1.63242960459724e-07	205	205	200	3.31276	3.5419383062201
KCNAB1_TSS16347,TSS21083,TSS23231,TSS7614	5.79338536485468e-05	NA	0.0106477421522261	5.79338536485468e-05	209	209	204	8.42695	9.41891183732058
SERPINI1_TSS25742,TSS568	0.000239808187722654	NA	0.0277240771936937	-0.000239808187722654	204	202	156	1.40441	1.46985410526316
TNIK_TSS33598	0.000239833290006901	NA	0.0277240771936937	0.000239833290006901	209	209	209	6.56266	6.62271507177033
TPRG1-AS1_TSS11362	7.97129059077832e-05	NA	0.0133099712890597	7.97129059077832e-05	206	203	201	5.88391	5.98072147368421
WFS1_TSS6474	0.000111625879768491	NA	0.0170760859308122	0.000111625879768491	209	209	208	4.9086	5.07392242105263
SEL1L3_TSS14191,TSS35241	3.04737659853427e-05	NA	0.00688949822679249	-3.04737659853427e-05	209	209	209	16.8356	17.2855675119617
LINC00575_TSS27600	0.000557757810348244	NA	0.0472381504819293	0.000557757810348244	10	1	0	0	0.00304491913875598
MMRN1_TSS5001	0.000191726221600148	NA	0.0237768436078592	0.000191726221600148	87	7	0	0	0.0132666567464115
MANBA_TSS25452	0.000535623762054566	NA	0.0457644824388227	-0.000535623762054566	209	209	209	35.4937	35.9748004784689
PRDM5_TSS19123	5.92022535574905e-08	NA	5.81707681397388e-05	5.92022535574905e-08	184	111	12	0.109823	0.245507805645933
DCLK2_TSS19811	1.34508063571176e-06	NA	0.000613620982152291	-1.34508063571176e-06	198	141	1	0.162344	0.202798826842105
AMACR_TSS7731	9.01824268627687e-06	NA	0.00264814995294615	9.01824268627687e-06	208	207	204	2.7502	2.90135243205742
CD180_TSS13632	9.83156142230766e-05	NA	0.0152684730256729	-9.83156142230766e-05	209	209	207	6.27566	7.33957918660287
LOC100272216_TSS9684	1.65665331228675e-07	NA	0.000117562561580527	1.65665331228675e-07	202	178	23	0.427919	0.528044073205742
NAIP_TSS34914,TSS34916	1.38696105787534e-08	NA	2.21454338409633e-05	-1.38696105787534e-08	208	207	13	0.41901	0.498013185167464
PDE8B_TSS5923	7.03188126181088e-09	NA	1.49702892162902e-05	7.03188126181088e-09	204	200	31	0.5591	0.616279318181818
ZBED3-AS1_TSS12810	8.77832389145738e-08	NA	7.73309794672626e-05	8.77832389145738e-08	194	191	151	1.88094	1.93835701578947
ELL2_TSS20616	3.08514414181534e-05	NA	0.00691369977113653	3.08514414181534e-05	209	209	209	10.5713	10.709780861244
ALDH7A1_TSS7706	1.35508738609529e-05	NA	0.00356890901572952	-1.35508738609529e-05	207	207	148	1.19996	1.22593887559809
MIR4461_TSS593	0.000375685338708129	NA	0.0380858466189546	0.000375685338708129	32	32	32	0	10.4959066985646
CD14_TSS13363,TSS28843	0.00027350479147045	NA	0.0301173573607568	-0.00027350479147045	209	209	209	172.321	180.413329665072
SPARC_TSS3247	0.000416078007171	NA	0.0404165203391541	-0.000416078007171	209	209	209	44.195	44.6209452631579
CTB-178M22.2_TSS30487	5.25199749918629e-08	NA	5.36691120446849e-05	-5.25199749918629e-08	176	175	122	1.94833	5.35416103157895
SLIT3_TSS25709	0.000337818113294569	NA	0.0352254666952504	-0.000337818113294569	207	184	8	0.306719	0.366267322727273
NQO2_TSS5537	0.000503052038518449	NA	0.0443154152690718	-0.000503052038518449	209	209	209	29.8256	32.9186112440191
HTATSF1P2_TSS11080	1.60710602005351e-08	NA	2.41510220554748e-05	1.60710602005351e-08	208	208	207	7.30162	7.73965576555024
NRN1_TSS1744,TSS19257,TSS21465	1.28394680369701e-05	NA	0.00341676968687994	-1.28394680369701e-05	174	137	32	0.245281	0.460289575598086
TMEM14C_TSS16083	2.49095326554033e-08	NA	3.0303039559409e-05	-2.49095326554033e-08	209	209	209	44.7965	46.5084086124402
HIST1H3G_TSS5653	0.00039583048356784	NA	0.0390435573888325	0.00039583048356784	63	61	4	0	0.110966445454545
HCG4_TSS30481	1.75961727108638e-06	NA	0.000775050731455928	1.75961727108638e-06	207	161	13	0.342096	0.422101166741027
LOC554223_TSS28441	7.6095463381609e-07	NA	0.00037384823134807	-7.6095463381609e-07	200	104	32	0.0998911	0.413956355197563
DDAH2_TSS17778,TSS21768	3.05756107636763e-06	NA	0.00118350776996915	3.05756107636763e-06	209	208	208	52.8404	53.9178303229665
BRPF3_TSS2944	5.79338536485468e-05	NA	0.0106477421522261	5.79338536485468e-05	209	209	209	5.00754	5.0799895215311
IRAK1BP1_TSS2592	0.000321368349020605	NA	0.0336475295591368	0.000321368349020605	197	183	5	0.33074	0.347142361148325
SLC22A16_TSS14016	2.87060618145297e-11	NA	1.83338440293948e-07	-2.87060618145297e-11	196	162	56	0.298365	0.994952363636364
FIG4_TSS33049	0.000301613187806541	NA	0.0321054671203904	0.000301613187806541	209	209	209	40.5162	40.9161444976077
VNN1_TSS31070	3.35620335208113e-07	NA	0.000186393319642645	-3.35620335208113e-07	202	190	71	0.655402	0.88891187507177
MTFR2_TSS16806	0.00048491224850173	NA	0.0431639484755181	0.00048491224850173	207	206	205	3.42465	3.40339032535885
HEBP2_TSS28719	3.40982518103248e-06	NA	0.00126247541883821	3.40982518103248e-06	209	209	209	14.4882	14.7080083732057
AKAP12_TSS22189,TSS4893	0.000387968792609312	NA	0.0385969351771136	0.000387968792609312	199	129	34	0.200552	0.553370960334928
MTHFD1L_TSS10233,TSS20124	0.000181779017032587	NA	0.0232195427406575	0.000181779017032587	209	209	209	15.2027	15.2759484688995
ACAT2_TSS28311,TSS31949	3.12335620725509e-05	NA	0.0069384679153692	-3.12335620725509e-05	209	208	208	9.64148	10.3028635885167
CCZ1B_TSS1006	2.31959473567094e-05	NA	0.00548691543631346	2.31959473567094e-05	209	209	206	5.07688	5.38906881339713
HOXA1_TSS26632	0.000438246747794762	NA	0.0407555200298462	0.000438246747794762	198	191	27	0.579734	0.588115941626794
SEPT7P2_TSS34805	8.54701225014244e-07	NA	0.000411982116895073	-8.54701225014244e-07	208	206	166	1.38051	1.41479169808612
VOPP1_TSS18654,TSS23208,TSS27633,TSS8127	0.000382119810433039	NA	0.0382824109691484	0.000382119810433039	209	209	209	22.1095	22.4060577990431
CCT6P3_TSS3821	4.50278752070607e-05	NA	0.00905769392058881	-4.50278752070607e-05	209	203	105	1.04473	1.15539906507177
ABHD11-AS1_TSS11559	7.15345466372092e-07	NA	0.000358331973125644	7.15345466372092e-07	169	168	83	0.644801	1.10945423636364
FGL2_TSS16624	9.4954435145516e-05	NA	0.0151612559666406	-9.4954435145516e-05	209	209	209	15.8643	19.8403617703349
CYP51A1_TSS1520,TSS30319	0.000320097509820227	NA	0.0336475295591368	-0.000320097509820227	209	208	208	12.7848	13.8729860100478
CYP3A7_TSS13096	0.000243445322404145	NA	0.0278415005398574	0.000243445322404145	179	131	4	0.154962	0.236663024826364
POLR2J3_TSS7182	0.000477329619427132	NA	0.0430881275526762	-0.000477329619427132	209	208	205	3.09737	3.4779821708134
LAMB1_TSS34079	3.31827718668103e-06	NA	0.00124664746011971	3.31827718668103e-06	209	209	196	5.93234	6.69000637320574
ARHGEF34P_TSS20442	0.000132533058018558	NA	0.0187061990784536	0.000132533058018558	209	197	27	0.56608	0.629267650717703
GIMAP2_TSS16567	0.000135584531647882	NA	0.0190317474176288	0.000135584531647882	209	209	209	22.1284	22.267876076555
GIMAP1_TSS29643	9.17019743565706e-05	NA	0.0147340272885994	9.17019743565706e-05	208	208	206	3.06555	3.28441815789474
KBTBD11_TSS26724	0.000131028738980783	NA	0.0187005094678328	0.000131028738980783	206	205	105	1.00482	1.16559097363636
LOC100287015_TSS30180	4.33225251337969e-05	NA	0.0087838138856596	-4.33225251337969e-05	196	184	8	0.283406	0.360084809090909
ANGPT2_TSS28146	0.000462481764213564	NA	0.0418980414278633	-0.000462481764213564	206	200	103	0.981813	1.22658732727273
CLDN23_TSS6505	6.22213630915531e-05	NA	0.0113283410282146	6.22213630915531e-05	209	209	209	9.55125	9.47411368421053
ERI1_TSS34638	0.000190080947328964	NA	0.0236877949337221	0.000190080947328964	209	209	209	7.58537	7.70817861244019
ZDHHC2_TSS31415	5.45762078896888e-05	NA	0.0103278398737621	5.45762078896888e-05	209	209	209	11.4961	11.930891722488
TNFRSF10A_TSS3617	0.000354542142166945	NA	0.0365221294594313	-0.000354542142166945	206	206	203	3.22059	3.38782546411483
FUT10_TSS4114	0.000508339594511222	NA	0.0446273251580006	-0.000508339594511222	206	205	179	1.61436	1.64640469904306
OPRK1_TSS24543,TSS29930	2.33967189273925e-07	NA	0.000142313328199547	2.33967189273925e-07	180	126	9	0.162087	0.298750574019139
CHCHD7_TSS2338	0.000210081130658532	NA	0.025597789974162	0.000210081130658532	209	209	209	8.14769	8.28141751196172
ATP6V0D2_TSS10384	0.000183821933986079	NA	0.0232480145917938	-0.000183821933986079	208	207	178	3.11176	4.31598389808612
SQLE_TSS26036	0.000105377774383293	NA	0.0162173855552408	-0.000105377774383293	209	209	209	5.73908	6.56221411483254
FAM83H-AS1_TSS14126	0.000113384748217136	NA	0.0172419057303761	0.000113384748217136	182	124	3	0.129851	0.200025118181818
LOC389705_TSS5890	0.00017088534824961	NA	0.0223877332909374	0.00017088534824961	122	72	1	0.0469689	0.0983410277511962
KGFLP2_TSS15195	0.000345612367080514	NA	0.0357463932866635	0.000345612367080514	192	65	0	0.071383	0.0788344512802722
AQP7P3_TSS1055	0.000239098653705085	NA	0.0277240771936937	0.000239098653705085	21	14	0	0	0.0183162688995215
LOC101927069_TSS21994	0.000212419218209487	NA	0.025597789974162	-0.000212419218209487	207	207	206	3.54409	3.62201141626794
MAMDC2_TSS21743	7.24036559493549e-05	NA	0.0124414804853111	-7.24036559493549e-05	196	170	35	0.348557	0.660061038277512
LOC392364_TSS1802	0.000422512133407812	NA	0.0404266571991362	0.000422512133407812	158	148	116	1.21148	2.07844178373206
OMD_TSS843	9.86142423468909e-05	NA	0.0152684730256729	9.86142423468909e-05	117	30	1	0.0146724	0.0456049048325359
PTGR1_TSS13544,TSS30951	0.00015887201699061	NA	0.021474621259572	-0.00015887201699061	208	208	208	8.20339	8.83090540669856
SLC46A2_TSS11079	5.65676173020001e-05	NA	0.0106259773471632	-5.65676173020001e-05	207	207	195	2.18481	2.29068088516746
STRBP_TSS18801,TSS5126	4.66880292536112e-05	NA	0.00920826371569093	-4.66880292536112e-05	208	205	75	0.848521	0.931855003827751
MVB12B_TSS21335	5.32854780210039e-05	NA	0.0101588366194223	5.32854780210039e-05	209	209	205	5.08482	5.34623243062201
DNM1_TSS22558	0.000364173143393222	NA	0.0372141251770666	-0.000364173143393222	207	204	92	0.892755	1.05671267703349
VAV2_TSS14127	1.73705980383332e-05	NA	0.00448249159682121	1.73705980383332e-05	209	209	209	4.1938	4.18930564593301
TUBBP5_TSS14225	8.646510903357e-05	NA	0.0140775197391408	-8.646510903357e-05	173	85	1	0.0575369	0.142877330143541
NET1_TSS15237,TSS34004	0.000438711708153901	NA	0.0407555200298462	0.000438711708153901	209	209	209	5.69725	6.23965622009569
ITIH5_TSS21794,TSS23392	0.000222029913718164	NA	0.0263928485523188	0.000222029913718164	209	208	203	26.5752	30.9198530036842
DNAJC1_TSS13801	2.29080135025388e-05	NA	0.00546944879391925	-2.29080135025388e-05	209	209	209	7.29274	7.51035105263158
RASGEF1A_TSS15807,TSS17570	7.25591377277377e-05	NA	0.0124414804853111	7.25591377277377e-05	205	202	98	0.914597	1.0507867538756
ARHGAP22_TSS10843,TSS27442,TSS3495,TSS6502	0.000519099841251935	NA	0.0449540462524176	-0.000519099841251935	209	209	208	3.69801	3.97850662200957
MYOZ1_TSS27330	3.18760512471917e-07	NA	0.000180963884713779	-3.18760512471917e-07	205	205	151	1.56337	1.86814367464115
ZCCHC24_TSS13030	0.000126623212351169	NA	0.0182759503160187	0.000126623212351169	209	209	209	4.63874	4.83941153110048
FAM213A_TSS17196,TSS36051,TSS443	6.49800555467579e-07	NA	0.000338784791643474	-6.49800555467579e-07	209	209	208	10.2684	11.8696567559809
CWF19L1_TSS32758	0.000187972686913039	NA	0.023655853362401	0.000187972686913039	209	209	209	9.16875	9.30613325358852
PDZD7_TSS4423	5.1102411396361e-06	NA	0.00171778066308268	-5.1102411396361e-06	208	206	121	1.11356	1.39850476028708
SH3PXD2A_TSS24458	9.83156142230766e-05	NA	0.0152684730256729	9.83156142230766e-05	209	209	209	3.98889	4.08569540669856
ACADSB_TSS36522	8.90131690692446e-06	NA	0.00264814995294615	8.90131690692446e-06	209	209	201	2.31885	2.49345712440191
IFITM2_TSS33706	2.4688026178864e-05	NA	0.00578628444762787	2.4688026178864e-05	208	208	208	24.5281	28.0604061244019
PEX16_TSS10465	0.000196539850911019	NA	0.0242560558996319	-0.000196539850911019	209	208	207	4.91226	5.52568903157895
OR4X2_TSS25749	6.73302309330894e-05	NA	0.0119450375669975	6.73302309330894e-05	5	0	0	0	0.00109472583732057
MS4A6A_TSS27647,TSS35939	0.000382119810433039	NA	0.0382824109691484	0.000382119810433039	209	209	209	81.5504	84.1581325358852
VPS37C_TSS23469	2.1379940229168e-06	NA	0.000895398906614024	2.1379940229168e-06	209	209	209	26.296	26.0154442583732
FADS1_TSS12651	3.28074899903721e-05	NA	0.00716352945969262	-3.28074899903721e-05	209	209	209	11.9013	13.7663655980861
FADS2_TSS14538,TSS20044,TSS23063	5.72470534266768e-05	NA	0.0106477421522261	-5.72470534266768e-05	209	209	203	7.81713	9.5535348277512
ASRGL1_TSS17375	1.01415093578957e-08	NA	1.8506081397583e-05	-1.01415093578957e-08	207	207	207	5.69394	6.00738291866029
HRASLS5_TSS18879	7.58094722169364e-08	NA	6.91680209545026e-05	7.58094722169364e-08	195	168	8	0.348477	0.402119548803828
MACROD1_TSS23159	9.06392678621413e-05	NA	0.0146554517473046	9.06392678621413e-05	206	205	170	1.52406	1.70593045933014
POLA2_TSS27300	9.71829342459146e-05	NA	0.0152684730256729	9.71829342459146e-05	209	209	208	4.54375	4.50448680861244
DHCR7_TSS18754	5.83913798729558e-06	NA	0.00188825896406886	-5.83913798729558e-06	207	207	203	6.41674	7.10819976076555
SLCO2B1_TSS18305,TSS33668	0.000594310344129152	NA	0.0492949557190501	0.000594310344129152	209	209	209	271.973	269.190641148325
DLG2_TSS12418,TSS24140,TSS28176,TSS34665,TSS8081	3.53414745531157e-05	NA	0.00752390542007039	3.53414745531157e-05	176	51	0	0.0378342	0.0664479127272727
PDGFD_TSS34467	0.000130286308573258	NA	0.0186990130624777	0.000130286308573258	208	207	189	5.75421	7.77908326315789
FDX1_TSS7045	7.25635335777727e-05	NA	0.0124414804853111	-7.25635335777727e-05	209	209	209	11.1081	12.0300007177033
NCAM1_TSS13125	7.339817742295e-05	NA	0.012500688257494	7.339817742295e-05	201	97	3	0.0883126	0.155288873193436
SORL1_TSS1495	1.16891950317845e-05	NA	0.00317684963273403	1.16891950317845e-05	209	209	209	8.0179	8.29720100478469
VWA5A_TSS29308	0.00015186043644667	NA	0.0206360562228886	-0.00015186043644667	209	209	209	15.3167	16.4481264593301
ROBO3_TSS24244	6.98241993091138e-06	NA	0.00220222076512337	6.98241993091138e-06	207	203	85	0.870469	0.936077536363636
ST14_TSS4670	1.32103940497721e-10	NA	6.74971873579053e-07	1.32103940497721e-10	209	209	209	24.9517	25.1053819617225
POU5F1P3_TSS20399	7.55386484464972e-05	NA	0.0126959595517281	-7.55386484464972e-05	190	178	65	0.690285	0.776213674641148
A2M-AS1_TSS13862	0.000285628803530136	NA	0.0309193179821372	0.000285628803530136	203	202	110	1.05058	1.09122569138756
KLRC2_TSS18739	0.00021174563552936	NA	0.025597789974162	0.00021174563552936	145	103	5	0.0996213	0.189917897607656
LOC100506314_TSS20596	0.000567551276817608	NA	0.0475384671110145	0.000567551276817608	176	156	2	0.232896	0.278408651196172
EPS8_TSS24221	0.000309872689656728	NA	0.0328477908824084	-0.000309872689656728	205	203	86	0.919932	0.997146420574163
BHLHE41_TSS25491	0.000462490612700413	NA	0.0418980414278633	-0.000462490612700413	209	209	209	34.9358	36.5046593301435
LOC400043_TSS10187	6.78435702748923e-07	NA	0.000346639937962535	6.78435702748923e-07	203	200	154	1.67903	2.04495412392344
RPS26_TSS15999	1.1539385833436e-05	NA	0.00316985688050312	-1.1539385833436e-05	209	209	209	103.631	109.256477990431
RBMS2_TSS33255	4.71559865549609e-06	NA	0.00160625865135945	4.71559865549609e-06	209	209	209	10.115	10.1812158373206
ACSS3_TSS20435	3.65761659945667e-05	NA	0.00772240754267104	3.65761659945667e-05	198	179	54	0.492257	0.733054774545455
TMTC2_TSS29257	0.000570151943659996	NA	0.0476002343290259	0.000570151943659996	208	207	205	3.23051	3.30729576904306
KITLG_TSS9086	0.000179211282371195	NA	0.0232195427406575	0.000179211282371195	194	111	0	0.10929	0.137892079760766
PLBD2_TSS9731	0.000535623762054566	NA	0.0457644824388227	-0.000535623762054566	209	209	209	23.0812	23.8021416267943
SCARB1_TSS16976	1.27762380145144e-08	NA	2.17596368371199e-05	-1.27762380145144e-08	209	208	208	9.86277	11.2797183492823
GLT1D1_TSS436	0.00041828928070893	NA	0.0404266571991362	0.00041828928070893	207	205	195	2.59483	2.64424409473684
DDX51_TSS22992	5.01840219975692e-05	NA	0.0096394827817436	-5.01840219975692e-05	208	207	203	2.30086	2.39076711253589
LINC00417_TSS36472	2.44690117458094e-08	NA	3.0303039559409e-05	2.44690117458094e-08	18	14	3	0	0.102181478947368
CRYL1_TSS29090	4.71559865549609e-06	NA	0.00160625865135945	4.71559865549609e-06	209	209	209	15.2135	14.841163062201
FLT1_TSS20113	0.000343278175208762	NA	0.0356492989514562	-0.000343278175208762	204	185	47	0.46145	0.80010121569378
TSC22D1_TSS10251,TSS33790,TSS6680,TSS8023	3.40370763172178e-05	NA	0.00730710242584842	-3.40370763172178e-05	209	209	209	8.37307	8.56763842105263
TDRD3_TSS13712,TSS21015	0.00056425689842205	NA	0.0474179966578556	0.00056425689842205	209	209	207	4.08956	6.98260265550239
GGACT_TSS29682,TSS36191	0.000298361432877558	NA	0.0320262164946344	-0.000298361432877558	209	207	172	1.43383	1.51608230956938
NALCN_TSS18891	0.000288796186792005	NA	0.03113027925728	0.000288796186792005	206	187	47	0.525404	0.649336227621427
UPF3A_TSS17688	0.000311568702519985	NA	0.0328910976994961	-0.000311568702519985	208	208	206	4.23518	4.38643145933014
RNASE6_TSS17329	0.000462490612700413	NA	0.0418980414278633	0.000462490612700413	209	209	209	30.8743	33.1961053110048
HAUS4_TSS8980	7.21646361858454e-06	NA	0.00224828043980463	-7.21646361858454e-06	209	209	209	19.1883	19.9513806698565
DHRS4-AS1_TSS14223,TSS211	3.70560607814304e-09	NA	9.46671184783203e-06	3.70560607814304e-09	207	207	205	3.65822	3.56804800478469
NYNRIN_TSS5567	1.11008759232767e-05	NA	0.00308254431752121	1.11008759232767e-05	209	208	127	1.12978	1.35334755023923
CTSG_TSS5695	3.15456177637161e-05	NA	0.00694737842249703	-3.15456177637161e-05	179	170	89	0.717461	1.54694062822967
PCNX_TSS25208	0.000416078007171	NA	0.0404165203391541	0.000416078007171	209	209	209	8.75964	8.85159090909091
ACOT1_TSS997	1.80144201681221e-08	NA	2.42218101071061e-05	-1.80144201681221e-08	209	209	209	13.8343	16.1475120574163
ACOT2_TSS33857,TSS34834	0.000224494986090463	NA	0.0265517287483937	-0.000224494986090463	209	209	209	28.5972	29.1841894258373
BEGAIN_TSS25978,TSS33592	8.68731074704889e-09	NA	1.70719021272968e-05	8.68731074704889e-09	173	134	5	0.20431	0.291868578277512
TDRD9_TSS758	0.00048236466626007	NA	0.0430881275526762	-0.00048236466626007	206	199	81	0.784688	0.951154266889952
LINC00638_TSS34769	6.25238221700496e-05	NA	0.0113283410282146	6.25238221700496e-05	190	172	5	0.310549	0.361555666028708
ZBTB42_TSS15038	0.000457640701557489	NA	0.0418980414278633	0.000457640701557489	208	208	204	2.23234	2.25819641148325
SRP14-AS1_TSS942	0.000137131892376543	NA	0.019143762046686	0.000137131892376543	206	206	189	2.08263	2.3506650430622
EHD4_TSS25626	0.000429523700681202	NA	0.0407555200298462	0.000429523700681202	209	209	209	64.5972	65.225638277512
ADAL_TSS9939	1.9265049772464e-06	NA	0.00083417665514769	1.9265049772464e-06	207	207	187	1.65481	1.69619358373206
TP53BP1_TSS30410,TSS31614	0.000162490992334733	NA	0.0218481967430285	0.000162490992334733	209	209	209	6.5644	6.57248674641148
SORD_TSS2321	1.02711156839655e-05	NA	0.00291551324864741	1.02711156839655e-05	209	208	206	2.89842	3.00441963827751
GATM_TSS21952	0.000420507449511243	NA	0.0404266571991362	-0.000420507449511243	206	204	160	1.71601	2.04519791196172
SQRDL_TSS11216,TSS34109	3.95173019253386e-07	NA	0.000211877999146628	-3.95173019253386e-07	209	209	209	94.2479	97.3251224880383
FBN1_TSS33038	2.65991238435546e-05	NA	0.00617752560755719	2.65991238435546e-05	209	204	125	1.40106	2.37150409904306
MYO1E_TSS36478	9.01824268627687e-06	NA	0.00264814995294615	-9.01824268627687e-06	209	209	209	8.05348	8.18939205741627
CHRNA5_TSS14760	2.2051724386896e-05	NA	0.0053177479915932	2.2051724386896e-05	201	190	26	0.480499	0.552468655980861
KLHL25_TSS23529	0.000266130379318413	NA	0.0295601426106413	0.000266130379318413	205	202	27	0.560171	0.67394015708134
ARPIN_TSS15500,TSS25720	1.97076795381585e-05	NA	0.00488807853554695	1.97076795381585e-05	209	209	209	9.92608	10.4957314354067
NME4_TSS10080,TSS21106,TSS29160	2.20820565939591e-10	NA	9.40217166343122e-07	-2.20820565939591e-10	206	206	204	6.91497	7.53358528708134
PRSS21_TSS22474	2.64555345990989e-07	NA	0.000153604441455268	2.64555345990989e-07	206	205	191	10.4415	14.462088062201
GPRC5B_TSS26880,TSS32306	8.19163879363305e-05	NA	0.0135890776792821	8.19163879363305e-05	182	116	17	0.13588	0.312569854832536
ACSM1_TSS9214	2.93444403343147e-06	NA	0.0011713475269074	-2.93444403343147e-06	205	202	80	0.809497	0.982161253110048
STX4_TSS5940,TSS97	0.000181779017032587	NA	0.0232195427406575	-0.000181779017032587	209	209	209	43.1685	44.2180392344498
ITGAX_TSS1257	0.000482373839592335	NA	0.0430881275526762	-0.000482373839592335	209	209	209	61.4435	63.9136157894737
CES4A_TSS12561,TSS31985	0.000239833290006901	NA	0.0277240771936937	0.000239833290006901	208	208	206	3.31721	3.50718518660287
NQO1_TSS16627,TSS21974	0.000558418657593558	NA	0.0472381504819293	0.000558418657593558	209	209	207	3.60343	3.98531482296651
COG4_TSS7926	1.07430354228454e-06	NA	0.000499004228995329	1.07430354228454e-06	209	209	209	15.2094	15.3266561244019
FANCA_TSS20394	0.000552636719399922	NA	0.0470607009016993	0.000552636719399922	209	208	207	3.08288	3.25615907177033
MEIS3P1_TSS30903	2.20950069533393e-07	NA	0.000137673449423649	2.20950069533393e-07	206	192	40	0.581898	0.625103976555024
CCDC144A_TSS33543	0.000124787250317575	NA	0.0182167993363606	0.000124787250317575	194	113	2	0.117016	0.17848375507177
USP32P1_TSS25414	0.00011551759702102	NA	0.017354670405868	0.00011551759702102	203	181	123	2.28301	2.41980728947368
FAM106CP_TSS12569	1.63517403290619e-05	NA	0.00426263173659738	1.63517403290619e-05	137	87	4	0.0528144	0.165999729665072
RNF135_TSS13557	5.226539280287e-12	NA	4.4507466331164e-08	5.226539280287e-12	209	209	209	19.6744	19.376511291866
TBC1D3I_TSS2951	1.61760053993887e-09	NA	5.1656051242273e-06	1.61760053993887e-09	188	146	9	0.213473	0.306082236948804
DHX58_TSS19000	3.74969820480368e-06	NA	0.00134825940357779	3.74969820480368e-06	209	209	209	13.8032	14.1567756937799
PTRF_TSS12825	0.000222118543811349	NA	0.0263928485523188	-0.000222118543811349	191	141	8	0.153704	0.244012173971292
LOC644172_TSS9519	8.14137210851526e-06	NA	0.00250587509947276	8.14137210851526e-06	86	45	6	0	0.108487867942584
MGC57346_TSS17340,TSS25984	5.57297085286393e-06	NA	0.0018489959269885	5.57297085286393e-06	205	204	147	1.35463	1.52725165023923
KANSL1-AS1_TSS8619	0.000564204456868722	NA	0.0474179966578556	0.000564204456868722	204	204	198	6.38342	9.94945799043062
HOXB4_TSS16274	1.75906150195932e-05	NA	0.00448694428324346	1.75906150195932e-05	205	205	169	1.54367	1.76268729665072
HOXB2_TSS25122	1.84270574112853e-07	NA	0.000123883167285817	1.84270574112853e-07	203	203	187	2.71186	3.06046468899522
HOXB3_TSS13957	0.000301559606086267	NA	0.0321054671203904	0.000301559606086267	203	197	43	0.607464	0.700587571291866
SPATA20_TSS3903	4.23847133581965e-05	NA	0.00866241817729477	4.23847133581965e-05	209	209	207	12.4788	13.2524221004785
WFIKKN2_TSS5496	6.85600125316353e-08	NA	6.48704681535439e-05	-6.85600125316353e-08	196	161	39	0.274559	0.752019599712919
SCPEP1_TSS18012	1.38046479752294e-07	NA	0.000106868891461571	-1.38046479752294e-07	209	209	209	106.249	110.344370813397
WFDC21P_TSS10460	0.000281054491524485	NA	0.0306841841665642	-0.000281054491524485	207	207	206	12.7891	14.806789
CD300C_TSS35534	1.138005761158e-12	NA	2.90726331803034e-08	1.138005761158e-12	209	209	209	30.8931	30.2872949760766
LOC100287042_TSS7670	3.98095430345565e-07	NA	0.000211877999146628	3.98095430345565e-07	207	203	147	1.31082	1.42137456794258
MIF4GD_TSS26006,TSS32241	1.98820613375229e-07	NA	0.000126981755247425	1.98820613375229e-07	209	209	209	31.133	31.6103794258373
GRB2_TSS34211,TSS36139	0.00039453860245805	NA	0.0390435573888325	0.00039453860245805	209	209	209	195.403	193.401611483254
TRIM65_TSS518	0.000438709593909131	NA	0.0407555200298462	0.000438709593909131	209	209	209	12.0618	13.0204957416268
MXRA7_TSS11006,TSS27965,TSS3216	1.00723765754736e-05	NA	0.00289122476824298	-1.00723765754736e-05	205	199	131	1.45952	4.13946313205742
DCXR_TSS14268	0.000261815926692065	NA	0.0292722283865235	-0.000261815926692065	207	207	207	22.821	25.4001133014354
SECTM1_TSS4132	0.00025336073231533	NA	0.0285136855879283	0.00025336073231533	209	209	209	47.2762	52.5090210526316
LAMA1_TSS139	4.97136006110252e-12	NA	4.4507466331164e-08	4.97136006110252e-12	203	188	71	0.642565	0.843923672296651
LOC101927188_TSS5475	5.22264539484121e-08	NA	5.36691120446849e-05	5.22264539484121e-08	153	39	0	0.0183697	0.0583157224236551
APCDD1_TSS22642	0.000181487269370676	NA	0.0232195427406575	0.000181487269370676	157	76	4	0.0589719	0.195372082583732
TPGS2_TSS27081	0.00021242147706276	NA	0.025597789974162	-0.00021242147706276	209	209	209	10.0016	10.0899672727273
KATNAL2_TSS34485	0.000370003196757697	NA	0.0376592496715892	0.000370003196757697	203	192	4	0.356375	0.385492816746412
ATP8B1_TSS11031	0.000398761314118828	NA	0.0391813665068989	0.000398761314118828	209	205	45	0.624391	0.745968557416279
SLC39A3_TSS4601	2.72666540823036e-05	NA	0.00627550641297846	-2.72666540823036e-05	207	207	206	7.94739	8.67238605263158
SAFB2_TSS16041	0.000438711708153901	NA	0.0407555200298462	-0.000438711708153901	209	209	209	7.06382	7.2737280861244
LDLR_TSS17922	3.142202544357e-06	NA	0.00119811714030878	-3.142202544357e-06	209	209	209	7.83057	8.72037799043062
PRDX2_TSS3365	3.84595030239531e-05	NA	0.00798800751018643	3.84595030239531e-05	208	208	207	11.9307	13.7165797607655
CEACAM21_TSS13680,TSS5103	0.00027350479147045	NA	0.0301173573607568	0.00027350479147045	209	207	207	22.1086	23.4259215330144
TOMM40_TSS34085	0.000242483346871085	NA	0.0278415005398574	-0.000242483346871085	209	209	209	21.8287	23.0568193301435
APOE_TSS10432,TSS15542,TSS35507	0.000140286099352973	NA	0.019477657500926	-0.000140286099352973	209	209	209	531.554	630.714732248804
PLA2G4C_TSS33173	2.8332870417461e-08	NA	3.29009018434034e-05	-2.8332870417461e-08	208	208	166	1.85087	2.62152084688995
TSKS_TSS18342	8.25053069490417e-05	NA	0.0135984714621108	-8.25053069490417e-05	200	188	72	0.6432	0.843814638277512
SIGLEC12_TSS34048,TSS5155	0.000116871611859645	NA	0.017354670405868	0.000116871611859645	206	206	178	3.95441	9.7149710430622
SIGLEC14_TSS18683	2.62975047443659e-06	NA	0.00106638468841955	2.62975047443659e-06	209	209	202	19.9719	19.3033382248804
ZNF702P_TSS16646	7.42921885601513e-05	NA	0.0125691559016304	7.42921885601513e-05	209	209	181	2.23577	2.43324479425837
LILRB3_TSS621	0.000462490612700413	NA	0.0418980414278633	0.000462490612700413	209	209	209	27.3128	27.627739569378
LILRA4_TSS30465	3.32123668649295e-05	NA	0.00719047742625724	-3.32123668649295e-05	207	197	109	1.08195	1.61543555550239
LILRP2_TSS32272	0.000125806244591402	NA	0.0182612052873667	-0.000125806244591402	188	51	0	0.0498675	0.0808040778947368
TRIB3_TSS12636,TSS15112,TSS21067,TSS28778	6.84068357683355e-05	NA	0.0120523409198184	-6.84068357683355e-05	208	208	206	4.00152	4.63322618660287
SNPH_TSS1018	0.000166136382121307	NA	0.0219911199691867	0.000166136382121307	202	157	0	0.203512	0.239908014784689
SIRPB1_TSS9491	0.000438711708153901	NA	0.0407555200298462	0.000438711708153901	209	209	209	58.5886	81.3364674641148
HM13_TSS14132	2.20644806477817e-05	NA	0.0053177479915932	-2.20644806477817e-05	209	209	209	36.7655	37.8231765550239
BPIFA1_TSS10341	2.60420924249614e-09	NA	7.39219261311653e-06	2.60420924249614e-09	169	161	103	0.965875	6.28942481148325
MAPRE1_TSS20411	0.000519099841251935	NA	0.0449540462524176	-0.000519099841251935	209	209	209	41.6475	41.6319459330144
AHCY_TSS10511,TSS6494	0.000535623762054566	NA	0.0457644824388227	0.000535623762054566	209	209	209	26.2929	26.4767347368421
SLC17A9_TSS31538	0.000388280907367526	NA	0.0385969351771136	-0.000388280907367526	207	206	205	5.1345	5.85043007703349
BIRC7_TSS24979	0.000244118531370731	NA	0.0278415005398574	0.000244118531370731	191	173	81	0.664561	2.1611638569378
PPDPF_TSS27960	2.15186408256701e-05	NA	0.00528592997282111	-2.15186408256701e-05	209	209	209	118.658	122.776838755981
PWP2_TSS24947	8.65138998334484e-05	NA	0.0140775197391408	8.65138998334484e-05	209	202	41	0.718708	0.728591477320574
CXADR_TSS21327	0.000482293577093188	NA	0.0430881275526762	0.000482293577093188	203	191	110	1.13885	1.27829699186603
FAM3B_TSS29662	0.000247866078490619	NA	0.0281432653653326	0.000247866078490619	209	208	207	11.9015	13.7841872090909
MX2_TSS16230	6.23999159377124e-06	NA	0.00199266331557592	6.23999159377124e-06	209	209	209	17.0133	17.5186971291866
PWP2_TSS6694	4.6985418430665e-09	NA	1.09121498604382e-05	-4.6985418430665e-09	208	186	30	0.397207	0.534997231100478
C21orf33_TSS13368	6.52447579936383e-05	NA	0.0117251639624012	-6.52447579936383e-05	208	207	85	0.820168	1.04127116650718
TRPM2_TSS9091	0.000115538142341325	NA	0.017354670405868	-0.000115538142341325	206	201	115	1.13557	1.80009315526316
SPATC1L_TSS16614	1.74493304372519e-06	NA	0.000775050731455928	1.74493304372519e-06	191	188	135	1.43532	1.55805714688995
SEPT5_TSS26471,TSS30397	0.000429786058769687	NA	0.0407555200298462	0.000429786058769687	191	152	15	0.232146	0.387400463118649
CRYBB2_TSS33649	0.000262392464888789	NA	0.0292722283865235	0.000262392464888789	58	30	0	0	0.0381150755980861
ASPHD2_TSS27193	0.00052181551357259	NA	0.0450365571798613	0.00052181551357259	207	207	205	2.46575	2.46545259808612
CDC42EP1_TSS12533	0.000151859593922687	NA	0.0206360562228886	-0.000151859593922687	207	200	154	2.72219	2.97546429526316
SYNGR1_TSS23390,TSS29972	2.45468077228917e-07	NA	0.000145836580673655	2.45468077228917e-07	207	206	192	3.91377	5.15252289808612
TTC38_TSS16130	0.000132533058018558	NA	0.0187061990784536	-0.000132533058018558	209	208	206	6.8641	7.50110341052632
CD99P1_TSS2050	0.000222018176318084	NA	0.0263928485523188	-0.000222018176318084	205	205	201	2.59997	2.76907837799043
CLCN4_TSS22955	0.000120962394001986	NA	0.0177599211469467	0.000120962394001986	209	209	209	4.29771	4.40762688995215
NHS_TSS1815,TSS31501	0.000145132820213313	NA	0.0200416657188622	0.000145132820213313	205	201	4	0.433824	0.468104519712919
ASB12_TSS33512	0.000164487492680821	NA	0.0218862602891507	0.000164487492680821	99	45	1	0	0.0636644196172249
CSTF2_TSS32926,TSS9890	0.000416078007171	NA	0.0404165203391541	-0.000416078007171	208	208	208	5.40599	5.5661156937799
LOC100101478_TSS27075	0.000378377678555083	NA	0.0382071721503823	0.000378377678555083	4	0	0	0	0.000826134928229665
GPC4_TSS11159	3.85262208717965e-06	NA	0.00134825940357779	-3.85262208717965e-06	209	208	127	1.18833	1.41800181004785
TREX2_TSS8592	0.000434229065552524	NA	0.0407555200298462	0.000434229065552524	159	120	4	0.127321	0.192237027751196
TMEM187_TSS22824	1.92899654758932e-07	NA	0.000126359166157088	1.92899654758932e-07	208	206	195	2.60142	2.76543253205742
F8A1_TSS16415	1.80144201681221e-08	NA	2.42218101071061e-05	1.80144201681221e-08	209	208	197	3.7902	4.13588963301435
DNASE1L1_TSS13078,TSS8283	1.73489029935476e-07	NA	0.000119787141831395	-1.73489029935476e-07	209	209	209	13.7769	14.2800751674641
MGC70870_TSS14123	0.000250124973468497	NA	0.0282740827309721	0.000250124973468497	196	144	5	0.198461	0.274157678133971
LOC283788_TSS5689	1.46743768463252e-07	NA	0.000110260678027373	1.46743768463252e-07	207	204	172	1.88587	2.05822631483254
