tracking_ID	pvalue (Eosinophil)	corr_coef (Eosinophil)	fdr (Eosinophil)	fpkm>0_num (Eosinophil)	fpkm>0.1_num (Eosinophil)	fpkm>1_num (Eosinophil)	fpkm_median (Eosinophil)	fpkm_mean (Eosinophil)	pvalue (Bronchial Wall Thickening)	corr_coef (Bronchial Wall Thickening)	fdr (Bronchial Wall Thickening)	fpkm>0_num (Bronchial Wall Thickening)	fpkm>0.1_num (Bronchial Wall Thickening)	fpkm>1_num (Bronchial Wall Thickening)	fpkm_median (Bronchial Wall Thickening)	fpkm_mean (Bronchial Wall Thickening)
CD244_TSS25286	0.000218923550488018	0.25541471632877	0.0490868848598616	203	200	90	0.839825	1.19234838373206	4.2295874421405e-06	0.316458796841179	0.00324424953446904	203	200	90	0.839825	1.19234838373206
RGS13_TSS6143	1.89498056917172e-05	0.293886906771617	0.0179398512328142	107	52	2	0.0232004	0.0959608043062201	0.00066948437494512	0.236815193446023	0.041322227724038	107	52	2	0.0232004	0.0959608043062201
FAM89A_TSS4251	6.69807587216962e-07	-0.338861574987766	0.00559370712612746	209	209	209	52.2642	52.008809569378	3.26017838089872e-05	-0.287194756976632	0.00789241781549392	209	209	209	52.2642	52.008809569378
CAMP_TSS10293	8.08789604164068e-05	-0.271768117970762	0.0308559269731906	209	209	209	21.6008	28.4225872248804	0.00019607108788996	-0.258514651168369	0.0207702635928997	209	209	209	21.6008	28.4225872248804
PCOLCE2_TSS16578	7.11876497757194e-05	-0.273790411187322	0.0298620207536725	209	209	209	76.0527	78.2344822966507	4.57491868691608e-05	-0.282015837996394	0.00892667912643222	209	209	209	76.0527	78.2344822966507
ARAP3_TSS4984	8.33423268371466e-05	0.271290427602519	0.0308772514030157	204	181	12	0.284547	0.391841375502392	0.000337852447995329	0.249135594920589	0.0284073895500283	204	181	12	0.284547	0.391841375502392
THEMIS_TSS11521,TSS3012	0.000209107396927907	0.256191888236738	0.0485908561170385	207	201	112	1.08552	2.03631658038277	0.000168990230093327	0.261016568970694	0.0194073045436149	207	201	112	1.08552	2.03631658038277
NEIL2_TSS10908	2.58480283881189e-06	-0.321558211578437	0.00660701453628708	208	208	208	8.38844	8.96137636363636	0.000515658323101062	-0.241592424040512	0.0356937100382748	208	208	208	8.38844	8.96137636363636
AKR1C2_TSS10578,TSS16978	1.68665786391415e-05	-0.29558439724568	0.0172450646638038	209	209	204	4.80833	5.62798925837321	0.000878526931643502	-0.231739147061136	0.0475763281774143	209	209	204	4.80833	5.62798925837321
AKR1C3_TSS27896,TSS3470	5.34931234280567e-05	-0.278261719815585	0.0268105436851874	209	209	209	42.8864	47.3417968899521	3.4363103545515e-06	-0.319267082518972	0.00320545937275026	209	209	209	42.8864	47.3417968899521
STAMBPL1_TSS19314	1.36465523621658e-05	0.298645009342546	0.0170390979014867	205	198	84	0.840054	1.05705898181818	0.000304365868546606	0.250962454820427	0.0270135276594437	205	198	84	0.840054	1.05705898181818
CD81_TSS29419,TSS4378	0.000124836245166702	-0.264769094235253	0.0371039449151869	209	209	209	508.658	516.296110047847	0.000724005167288776	-0.235363799530588	0.0427533421590226	209	209	209	508.658	516.296110047847
DENND5A_TSS12877	2.8521039318725e-05	-0.287840735844712	0.0202717872322641	209	209	209	60.6601	60.1269454545455	0.000230972319773599	-0.255727930247337	0.0225495233926763	209	209	209	60.6601	60.1269454545455
DGAT2_TSS13748	0.000135149039736097	-0.263468120255843	0.0388151079179144	208	207	203	4.8078	5.35869074832536	0.000419294576651015	-0.245312042085451	0.0319928020112734	208	207	203	4.8078	5.35869074832536
GALNT6_TSS20693	1.84734374100921e-06	-0.325962479725311	0.00559370712612746	209	209	209	17.9184	18.4286615789474	5.98479344861575e-05	-0.277835756614847	0.0104066194108889	209	209	209	17.9184	18.4286615789474
IRS2_TSS5397	0.000132371242203873	-0.263809152269863	0.0388151079179144	209	209	209	14.0603	14.2529357894737	0.000341480782672883	-0.248947866975549	0.0284974258771091	209	209	209	14.0603	14.2529357894737
HDC_TSS34170	0.00011770663055091	0.26572867683418	0.0367185185270669	170	109	14	0.113993	0.282436161004785	0.000511173270470215	0.241750655326003	0.0356937100382748	170	109	14	0.113993	0.282436161004785
GGA2_TSS21779	2.85506959963033e-05	-0.287825190225839	0.0202717872322641	209	209	209	82.3653	82.7998626794258	0.000107605332409345	-0.268466085843417	0.0151571870013963	209	209	209	82.3653	82.7998626794258
AMFR_TSS30832	1.29910050767249e-05	-0.299351295018773	0.0170390979014867	209	209	209	30.0196	29.8232066985646	0.000653552768640281	-0.237259918920156	0.0406458937207158	209	209	209	30.0196	29.8232066985646
CES1_TSS31413	0.000143660630028331	-0.262462513035015	0.0394850469263889	209	209	209	233.79	241.076084688995	0.000484710550824705	-0.242711262165164	0.0346080625408667	209	209	209	233.79	241.076084688995
ST3GAL2_TSS11591	1.56149918849339e-06	-0.328140923839389	0.00559370712612746	209	209	209	15.3721	15.6850083732057	0.00031664376715133	-0.250271888576469	0.0275925093226358	209	209	209	15.3721	15.6850083732057
SPIRE2_TSS12543	9.39240501939061e-05	-0.269378464037516	0.0320127596052776	207	207	206	5.59326	5.68016766028708	7.72343194611591e-05	-0.273804207015633	0.012473406035458	207	207	206	5.59326	5.68016766028708
PLD6_TSS13802	7.9992579898794e-05	0.271943348142559	0.0308559269731906	204	198	34	0.497621	0.65708346076555	3.42684606858084e-05	0.286438978957566	0.00789902562535361	204	198	34	0.497621	0.65708346076555
LIMD2_TSS20325	8.71668340294645e-05	0.27057441128303	0.031829592066102	209	208	181	2.42225	3.99351186889952	0.000181480121972519	0.259819430293766	0.0199090703765646	209	208	181	2.42225	3.99351186889952
RAB37_TSS25713,TSS35887,TSS6121	9.51828852549234e-05	0.269164617971511	0.0320127596052776	208	205	123	1.23438	1.73791939473684	0.000449833005906753	0.244054346732775	0.0330407513332831	208	205	123	1.23438	1.73791939473684
C20orf202_TSS19400	0.000176505559523247	-0.259042567090222	0.0446050345747593	207	201	142	1.5361	1.7288195861244	7.66830525135792e-06	-0.308252782370468	0.0040835323027075	207	201	142	1.5361	1.7288195861244
FHL1_TSS10004,TSS15569,TSS18174,TSS32008,TSS33805,TSS765,TSS7962	2.1569878007171e-05	-0.291986558077827	0.0183782550580433	209	209	209	82.498	85.7244406698565	1.328828839459e-07	-0.359957836540303	0.000566103232756858	209	209	209	82.498	85.7244406698565
