tracking_ID	pvalue (Eosinophil)	corr_coef (Eosinophil)	fdr (Eosinophil)	fpkm>0_num (Eosinophil)	fpkm>0.1_num (Eosinophil)	fpkm>1_num (Eosinophil)	fpkm_median (Eosinophil)	fpkm_mean (Eosinophil)	pvalue (Bronchial Wall Thickening)	corr_coef (Bronchial Wall Thickening)	fdr (Bronchial Wall Thickening)	fpkm>0_num (Bronchial Wall Thickening)	fpkm>0.1_num (Bronchial Wall Thickening)	fpkm>1_num (Bronchial Wall Thickening)	fpkm_median (Bronchial Wall Thickening)	fpkm_mean (Bronchial Wall Thickening)
CD244_TSS25286	0.000218923550488018	0.25541471632877	0.0490868848598616	203	200	90	0.839825	1.19234838373206	4.2295874421405e-06	0.316458796841179	0.00324424953446904	203	200	90	0.839825	1.19234838373206
RGS13_TSS6143	1.89498056917172e-05	0.293886906771617	0.0179398512328142	107	52	2	0.0232004	0.0959608043062201	0.00066948437494512	0.236815193446023	0.041322227724038	107	52	2	0.0232004	0.0959608043062201
ARAP3_TSS4984	8.33423268371466e-05	0.271290427602519	0.0308772514030157	204	181	12	0.284547	0.391841375502392	0.000337852447995329	0.249135594920589	0.0284073895500283	204	181	12	0.284547	0.391841375502392
THEMIS_TSS11521,TSS3012	0.000209107396927907	0.256191888236738	0.0485908561170385	207	201	112	1.08552	2.03631658038277	0.000168990230093327	0.261016568970694	0.0194073045436149	207	201	112	1.08552	2.03631658038277
STAMBPL1_TSS19314	1.36465523621658e-05	0.298645009342546	0.0170390979014867	205	198	84	0.840054	1.05705898181818	0.000304365868546606	0.250962454820427	0.0270135276594437	205	198	84	0.840054	1.05705898181818
HDC_TSS34170	0.00011770663055091	0.26572867683418	0.0367185185270669	170	109	14	0.113993	0.282436161004785	0.000511173270470215	0.241750655326003	0.0356937100382748	170	109	14	0.113993	0.282436161004785
PLD6_TSS13802	7.9992579898794e-05	0.271943348142559	0.0308559269731906	204	198	34	0.497621	0.65708346076555	3.42684606858084e-05	0.286438978957566	0.00789902562535361	204	198	34	0.497621	0.65708346076555
LIMD2_TSS20325	8.71668340294645e-05	0.27057441128303	0.031829592066102	209	208	181	2.42225	3.99351186889952	0.000181480121972519	0.259819430293766	0.0199090703765646	209	208	181	2.42225	3.99351186889952
RAB37_TSS25713,TSS35887,TSS6121	9.51828852549234e-05	0.269164617971511	0.0320127596052776	208	205	123	1.23438	1.73791939473684	0.000449833005906753	0.244054346732775	0.0330407513332831	208	205	123	1.23438	1.73791939473684
