tracking_ID	pvalue (FEV1)	corr_coef (FEV1)	fdr (FEV1)	fpkm>0_num (FEV1)	fpkm>0.1_num (FEV1)	fpkm>1_num (FEV1)	fpkm_median (FEV1)	fpkm_mean (FEV1)	pvalue (FVC)	corr_coef (FVC)	fdr (FVC)	fpkm>0_num (FVC)	fpkm>0.1_num (FVC)	fpkm>1_num (FVC)	fpkm_median (FVC)	fpkm_mean (FVC)
LINC00504_TSS26440	5.65214043489192e-05	-0.277406078650465	0.0267576514958476	201	174	2	0.216812	0.262763611961722	5.092021030813e-06	-0.31245015640197	0.0041991105042485	201	174	2	0.216812	0.262763611961722
RSPO3_TSS19352	1.12856876244523e-07	-0.360187939557134	0.000168514711238386	204	202	136	1.41729	1.73129176746411	1.84869324568291e-07	-0.354433465519953	0.000162965497009096	204	202	136	1.41729	1.73129176746411
ENPP3_TSS24536	0.000121460433507365	-0.26521687354056	0.0431252016969761	209	208	183	2.49683	3.39083981148325	4.55948001261704e-05	-0.280728355283379	0.0303246125425051	209	208	183	2.49683	3.39083981148325
GPNMB_TSS13607	8.24836799078194e-06	-0.305782772686191	0.00658941497863592	209	209	209	461.751	467.340574162679	6.78200761269628e-05	-0.274554119532296	0.0394034642297654	209	209	209	461.751	467.340574162679
C7orf13_TSS21089	2.1067354247274e-05	0.292333478913936	0.0149796489413367	201	190	18	0.49642	0.536806127272727	1.18774912596843e-05	0.300632217093903	0.00948863083008032	201	190	18	0.49642	0.536806127272727
C9orf40_TSS29173	3.10854655547288e-05	-0.286549764674855	0.0202494724651391	206	205	110	1.03766	1.02721186937799	9.10507499407315e-05	-0.269876812769586	0.0493025562853145	206	205	110	1.03766	1.02721186937799
METTL12_TSS4128	6.79633580119187e-05	0.274520907463907	0.0310252729324409	199	196	85	0.922902	0.981137018181818	6.74801189980986e-05	0.274633184426702	0.0394034642297654	199	196	85	0.922902	0.981137018181818
DCAF4_TSS26302	4.77363880731488e-05	0.280022050625914	0.0236672470058433	207	206	203	3.04428	3.12853231435407	2.25111598356315e-05	0.291356803788299	0.0167403690096069	207	206	203	3.04428	3.12853231435407
C22orf29_TSS19068	4.14145084353024e-05	0.282201936133217	0.0220566769508348	208	207	202	1.85748	1.91150673444976	6.44984077290015e-05	0.275343140384911	0.0394034642297654	208	207	202	1.85748	1.91150673444976
ARSD_TSS17031	2.70977333584536e-08	-0.376214226241968	7.35482710789676e-05	209	209	209	7.77064	8.02955306220096	6.89643555525575e-11	-0.435316479027495	9.79447102969767e-08	209	209	209	7.77064	8.02955306220096
PNPLA4_TSS14006,TSS32314	1.06592647267307e-07	-0.360846516328161	0.000168514711238386	207	207	205	2.72757	2.81114381818182	6.48910745604111e-11	-0.435863370811538	9.75809076507264e-08	207	207	205	2.72757	2.81114381818182
ZRSR2_TSS12277	0.000114667649150269	-0.26615433588729	0.0414853362847957	209	209	209	6.74367	7.15188526315789	1.78161097047893e-07	-0.354868389003896	0.000162661081604726	209	209	209	6.74367	7.15188526315789
SYAP1_TSS1915	8.89552771128703e-05	-0.270249639452502	0.03610964484353	209	209	209	10.2642	10.0367499043062	1.03870176867955e-07	-0.361144407039346	0.000102128353902015	209	209	209	10.2642	10.0367499043062
EIF1AX_TSS30470	1.36040570348743e-06	-0.329915008588731	0.00144958986699069	209	209	208	7.08966	7.40206279425837	4.32367401044731e-08	-0.371060947355485	4.421216096123e-05	209	209	208	7.08966	7.40206279425837
ZFX_TSS30363,TSS30369,TSS7312,TSS9608	6.2613377207391e-07	-0.339698465932359	0.000762213511871306	209	209	204	2.93473	3.12349796650718	2.06361693454494e-08	-0.379177772811609	2.293665361509e-05	209	209	204	2.93473	3.12349796650718
FUNDC1_TSS22283	3.39647954395296e-05	-0.285214909470481	0.0202494724651391	208	207	207	5.26221	5.44799060574163	5.96794790838097e-05	-0.276558505102684	0.0381411550824627	208	207	207	5.26221	5.44799060574163
KDM6A_TSS30194	3.95431703906687e-09	-0.396547965627405	2.81661699582058e-05	209	209	209	4.38939	4.79630124401914	5.86902704273486e-12	-0.456706898060314	1.15412159477288e-08	209	209	209	4.38939	4.79630124401914
DDX3X_TSS19025,TSS23823	2.19813497996224e-09	-0.40248685227716	2.80965613138773e-05	209	209	209	53.3757	55.8813286602871	1.46526642461797e-10	-0.428464468658751	1.87290354394669e-07	209	209	209	53.3757	55.8813286602871
KDM5C_TSS25329	5.8742763688377e-06	-0.310491568822296	0.0050056667030989	209	209	209	13.4051	13.2426683253589	8.28881480989374e-09	-0.388891636260773	9.63160280909653e-06	209	209	209	13.4051	13.2426683253589
SMC1A_TSS2103	1.40039820991499e-06	-0.32954308816291	0.00144958986699069	209	209	209	8.94447	9.13164301435407	2.88265178473959e-08	-0.375537250530919	3.07050459271179e-05	209	209	209	8.94447	9.13164301435407
RPS4X_TSS23601	9.3932195933423e-09	-0.387578132122778	4.00213776140338e-05	209	209	209	498.094	502.179277511962	2.07640745764673e-09	-0.403056869816282	2.52768001177528e-06	209	209	209	498.094	502.179277511962
TSIX_TSS16481	3.48527925389658e-05	-0.284824730832805	0.0202494724651391	187	0	0	0.00257387	0.00722574003572445	1.76167401253236e-07	-0.355000680578137	0.000162661081604726	187	0	0	0.00257387	0.00722574003572445
XIST_TSS26269	5.50895203375954e-09	-0.39314203430739	2.81661699582058e-05	188	122	117	11.0616	10.4128018795971	1.03626303986737e-12	-0.470916352784853	2.40827530465177e-09	188	122	117	11.0616	10.4128018795971
MOSPD1_TSS19324	2.91205415302845e-06	-0.319978325601506	0.00275717601363034	209	209	208	6.47087	6.59020810047847	2.15967606719662e-05	-0.29196821534953	0.0167302906005498	209	209	208	6.47087	6.59020810047847
PLXNA3_TSS7330	4.81417948796688e-05	0.279891711315903	0.0236672470058433	209	209	209	7.85379	7.79780497607655	4.40654715809112e-05	0.281252111310752	0.0303246125425051	209	209	209	7.85379	7.79780497607655
RPS4Y1_TSS13858	4.51561319659393e-10	0.417936298526584	1.15437135757727e-05	128	109	100	0.2296	27.7543122277512	3.30344803155156e-16	0.52944089758998	8.44493454785842e-12	128	109	100	0.2296	27.7543122277512
ZFY_TSS12744,TSS35370	1.18653763193982e-07	0.359609057817843	0.000168514711238386	145	95	93	0.0169038	1.21688394866029	2.47534622649719e-13	0.482174203325058	9.03996441916773e-10	145	95	93	0.0169038	1.21688394866029
LINC00278_TSS31338	2.92461997159027e-08	0.375378811576599	7.35482710789676e-05	95	94	63	0	0.817187094258373	1.07008626998779e-13	0.488581777223799	4.55928090099465e-10	95	94	63	0	0.817187094258373
PRKY_TSS9055	3.56056961764855e-08	0.373213563110241	7.35482710789676e-05	201	100	90	0.0637497	1.0116384445933	3.72579844974351e-14	0.496457578354538	2.38115778923108e-10	201	100	90	0.0637497	1.0116384445933
TTTY15_TSS8327	2.31972534217199e-08	0.377908654141092	7.35482710789676e-05	128	95	23	0.00961993	0.377564908181818	2.39179136952186e-14	0.499706990958503	2.03812515234856e-10	128	95	23	0.00961993	0.377564908181818
USP9Y_TSS21505	8.62352436897279e-08	0.363277792841786	0.00014696785131228	156	98	93	0.0121863	1.29791239784689	1.79067829178411e-12	0.466504687321113	3.81474165426408e-09	156	98	93	0.0121863	1.29791239784689
DDX3Y_TSS13388,TSS29787,TSS31084	5.39512862805502e-06	0.311659375537682	0.0047558989050896	202	137	96	0.162097	6.01407567933014	1.07350275312166e-10	0.431311748879277	1.44436970425274e-07	202	137	96	0.162097	6.01407567933014
TMSB4Y_TSS24428	1.41760861660019e-06	0.329386146581392	0.00144958986699069	207	183	35	0.400779	0.530061436842105	5.37423943072379e-11	0.437550604080353	8.58669105043893e-08	207	183	35	0.400779	0.530061436842105
NLGN4Y_TSS10714,TSS21586,TSS22064,TSS27039,TSS36193	2.09636902945702e-06	0.324312500937478	0.00206121453342459	99	58	1	0	0.102293099330144	3.11949152398154e-11	0.442367781724446	5.31644542127094e-08	99	58	1	0	0.102293099330144
TXLNGY_TSS26995	3.44082415199418e-08	0.3735911697013	7.35482710789676e-05	123	102	95	0.0609882	2.8640899538756	4.68636706002939e-13	0.477206477386506	1.22315900441333e-09	123	102	95	0.0609882	2.8640899538756
TTTY14_TSS33631,TSS6044	2.46951395019967e-08	0.377227619198374	7.35482710789676e-05	99	90	39	0	0.541839060287081	2.09651413212146e-14	0.500666381611364	2.03812515234856e-10	99	90	39	0	0.541839060287081
BCORP1_TSS15103	6.05160359841006e-07	0.34012041616353	0.000762213511871306	90	47	3	0	0.0860588280382775	2.12527683276774e-11	0.445721497872146	3.88075549663389e-08	90	47	3	0	0.0860588280382775
TTTY10_TSS23657	7.31441945810714e-06	0.30745908107174	0.00603180061377584	51	20	1	0	0.0296848822966507	2.84521245811531e-07	0.349311206217135	0.000242450037597532	51	20	1	0	0.0296848822966507
EIF1AY_TSS28363	3.74013270234149e-08	0.372669637580007	7.35482710789676e-05	105	98	95	0.0242544	3.14247865023923	4.78469333599329e-13	0.477043514485039	1.22315900441333e-09	105	98	95	0.0242544	3.14247865023923
KDM5D_TSS276	5.32402297331423e-09	0.393494570605836	2.81661699582058e-05	139	102	97	0.0341604	4.32308692172249	9.87128045743908e-14	0.489191337006571	4.55928090099465e-10	139	102	97	0.0341604	4.32308692172249
UTY_TSS10258	6.48468197446674e-08	0.36651635053181	0.000118410292853763	142	97	96	0.0182842	1.94158542181818	2.87579113473282e-13	0.481014343476306	9.18959057103873e-10	142	97	96	0.0182842	1.94158542181818
