tracking_ID	pvalue (Lymphocyte)	corr_coef (Lymphocyte)	fdr (Lymphocyte)	fpkm>0_num (Lymphocyte)	fpkm>0.1_num (Lymphocyte)	fpkm>1_num (Lymphocyte)	fpkm_median (Lymphocyte)	fpkm_mean (Lymphocyte)	pvalue (DLCO% PRED)	corr_coef (DLCO% PRED)	fdr (DLCO% PRED)	fpkm>0_num (DLCO% PRED)	fpkm>0.1_num (DLCO% PRED)	fpkm>1_num (DLCO% PRED)	fpkm_median (DLCO% PRED)	fpkm_mean (DLCO% PRED)
CD86_TSS31831,TSS34538	0.00311721424130676	-0.205500125179743	0.0381296709117638	209	209	209	40.1621	40.7454937799043	1.61610950412909e-05	-0.300485075655385	0.0331285645710771	209	209	209	40.1621	40.7454937799043
MSMO1_TSS1279	0.00391363339105881	-0.2006732479721	0.0438179514274438	209	209	209	17.2428	19.5558519617225	5.89349640713319e-05	-0.280779238638324	0.046285285236973	209	209	209	17.2428	19.5558519617225
CDKN2AIP_TSS9878	0.0040039899943131	-0.200183089169877	0.0444402901626736	209	209	208	7.68423	7.98393516746411	3.48051571046607e-06	-0.322153423956762	0.0296435523060395	209	209	208	7.68423	7.98393516746411
HMGCR_TSS19222	0.00107380406279691	-0.226819938380696	0.018558752820055	209	209	209	9.52793	10.0689169856459	1.53232950681947e-05	-0.301265663186011	0.0331285645710771	209	209	209	9.52793	10.0689169856459
TMEM242_TSS14663	0.00029235076250107	-0.250457968747243	0.00746531252776209	209	209	205	2.16691	2.12608240669856	3.67987433544711e-05	-0.288122201953531	0.045329455441473	209	209	205	2.16691	2.12608240669856
TGFBR1_TSS30414	4.86761644228243e-05	-0.279721479193237	0.00200033993378105	209	209	209	9.48084	10.0737784688995	5.57189889035944e-05	-0.281664919904781	0.0459250285637336	209	209	209	9.48084	10.0737784688995
DUSP6_TSS30695	0.0034910183786337	-0.203110775576885	0.0409155323409255	209	209	209	24.1362	25.6788074641148	7.95558257542639e-06	-0.310698968300029	0.0296442281756839	209	209	209	24.1362	25.6788074641148
CXorf21_TSS29852	0.000153275268366037	-0.261391495039461	0.00468084723381634	209	209	209	7.5719	7.67139511961722	4.34822643147113e-05	-0.285543487995981	0.045329455441473	209	209	209	7.5719	7.67139511961722
ATP6AP2_TSS8232	0.000840715152418799	-0.231448517725331	0.0157387521503394	209	209	209	81.4592	81.6675483253589	7.16423600845757e-06	-0.312177134540952	0.0296442281756839	209	209	209	81.4592	81.6675483253589
