tracking_ID	pvalue (Lymphocyte)	corr_coef (Lymphocyte)	fdr (Lymphocyte)	fpkm>0_num (Lymphocyte)	fpkm>0.1_num (Lymphocyte)	fpkm>1_num (Lymphocyte)	fpkm_median (Lymphocyte)	fpkm_mean (Lymphocyte)	pvalue (Bronchial Wall Thickening)	corr_coef (Bronchial Wall Thickening)	fdr (Bronchial Wall Thickening)	fpkm>0_num (Bronchial Wall Thickening)	fpkm>0.1_num (Bronchial Wall Thickening)	fpkm>1_num (Bronchial Wall Thickening)	fpkm_median (Bronchial Wall Thickening)	fpkm_mean (Bronchial Wall Thickening)
MEGF6_TSS26120	0.000290916868190509	0.250543065822746	0.00744537191445921	208	193	25	0.393853	0.500295341291866	0.000892515736990749	0.23144068382389	0.047927720069791	208	193	25	0.393853	0.500295341291866
PIK3CD_TSS8483	1.28515582118509e-05	0.299505880419706	0.000728378446680979	209	209	209	12.5252	14.2385297607655	0.000511968598830551	0.241722502938028	0.0356937100382748	209	209	209	12.5252	14.2385297607655
STPG1_TSS25240,TSS8095	0.000449818884883965	-0.242883197212145	0.0102842759539526	207	207	207	5.04423	5.16518071770335	0.00013514367965696	-0.264732597213097	0.0165463512384267	207	207	207	5.04423	5.16518071770335
SNHG3_TSS5169	0.00219614469101071	0.212730316628484	0.0303928827541552	209	208	203	4.07312	4.2354787569378	4.23523817189222e-05	0.283204104735059	0.00873039700901105	209	208	203	4.07312	4.2354787569378
LCK_TSS12239,TSS13245	4.14859571509901e-14	0.495664360848825	5.30211275368229e-10	209	209	202	6.49815	10.9743441435407	0.000446263593889258	0.244197194111029	0.0329680454433622	209	209	202	6.49815	10.9743441435407
ZFYVE9_TSS23114	0.00290191349674712	-0.206996807883784	0.0363428764773901	205	190	4	0.378959	0.416177844258373	0.000648185595012003	-0.23741199704031	0.0404104194978093	205	190	4	0.378959	0.416177844258373
IL12RB2_TSS14387	3.23538276415885e-07	0.347766771509893	3.50422113706205e-05	202	182	60	0.427339	0.851976265645933	0.000518069184468525	0.241507894961936	0.0356937100382748	202	182	60	0.427339	0.851976265645933
PDE4B_TSS15460,TSS15932,TSS27165,TSS28364,TSS3070,TSS891	0.0002418165555716	0.253721417486161	0.00664511402908956	209	209	209	7.59199	8.94947110047847	1.4799396078217e-05	0.298889385291439	0.00556304945816625	209	209	209	7.59199	8.94947110047847
LPAR3_TSS31752	0.00137248137980349	-0.222083981602888	0.0221103117261468	204	201	146	1.77051	2.30095476937799	0.000887627209202009	-0.231544492440546	0.047866327203402	204	201	146	1.77051	2.30095476937799
GBP5_TSS22297	8.6348691734163e-07	0.335686861635627	7.96808270547632e-05	209	209	209	22.3408	27.0769605741627	0.000325189927888748	0.249805749275122	0.027755263846762	209	209	209	22.3408	27.0769605741627
GFI1_TSS13114,TSS14018,TSS17395	5.64293306858678e-10	0.415807757411444	2.03153538262179e-07	203	199	90	0.875283	1.49110776315789	1.55233969518104e-05	0.298196448036091	0.0055643611685874	203	199	90	0.875283	1.49110776315789
FAM212B_TSS23351,TSS35432	5.51255035867439e-09	-0.393135288659101	1.36802232735996e-06	209	209	207	3.45787	3.45379391866029	0.000793048971398384	-0.233663995532364	0.0453616396416431	209	209	207	3.45787	3.45379391866029
FAM46C_TSS1048	1.68242483666048e-08	0.381380338113923	3.49629766259175e-06	207	203	81	0.723954	1.12093063444976	0.000362666201864724	0.247887373943527	0.0292774806893608	207	203	81	0.723954	1.12093063444976
RORC_TSS17590,TSS30208	3.67272416871371e-09	0.397301593258431	9.57943902821338e-07	203	189	79	0.691258	1.31739192822967	0.000846398615476601	0.232441538012948	0.0467429838148191	203	189	79	0.691258	1.31739192822967
PYHIN1_TSS13031	1.46462354650108e-06	0.328966510650909	0.000121945415218613	202	198	99	0.885633	1.41337003205742	4.87679893410051e-06	0.31451714000064	0.00345894444450888	202	198	99	0.885633	1.41337003205742
FCRL6_TSS1525,TSS35367	2.4487749878183e-05	0.290111574149823	0.00119452552411496	206	204	147	1.38423	1.78043263875598	0.000603863754147563	0.238714272102505	0.0386272841026212	206	204	147	1.38423	1.78043263875598
SLAMF6_TSS3563	2.94243395460817e-08	0.375312220873436	5.33415278820847e-06	208	208	197	2.78856	3.63012554066986	8.29447094461302e-05	0.272665319946071	0.0130070534855984	208	208	197	2.78856	3.63012554066986
SLAMF1_TSS19229	2.61604201090467e-10	0.423087932321328	1.09620737443827e-07	206	205	132	1.45628	2.25817467703349	0.000205967441287035	0.257680281385417	0.021143509103365	206	205	132	1.45628	2.25817467703349
CD48_TSS29749	4.61478232690991e-07	0.343455389888519	4.73728719109013e-05	209	209	209	19.966	26.9365433014354	2.07391671023352e-05	0.293955165516313	0.00646480305247305	209	209	209	19.966	26.9365433014354
CD244_TSS25286	0.000116084822103573	0.265954540056286	0.00375125681136462	203	200	90	0.839825	1.19234838373206	4.2295874421405e-06	0.316458796841179	0.00324424953446904	203	200	90	0.839825	1.19234838373206
LY9_TSS34264	1.81600887715046e-09	0.404393371715372	5.21561830436436e-07	207	202	131	1.42059	2.26430950574163	0.000514260847512314	0.241641589547701	0.0356937100382748	207	202	131	1.42059	2.26430950574163
SLAMF7_TSS33865	1.99431592297991e-06	0.324964812394983	0.000157335522553362	208	208	193	4.72702	7.22473119617225	0.000535042460879289	0.240922876831822	0.0362154534069522	208	208	193	4.72702	7.22473119617225
GPA33_TSS1559	0.00419930079349859	-0.19915675761222	0.0460087130658455	209	209	209	40.1054	42.9696586602871	1.72417996800978e-05	-0.296666978005988	0.00595564380571595	209	209	209	40.1054	42.9696586602871
RCSD1_TSS24242	1.07689683295643e-05	0.302025799390107	0.000634343813665102	209	209	208	6.03309	6.69532331100478	4.40405294987469e-06	0.315908972084922	0.00324424953446904	209	209	208	6.03309	6.69532331100478
FASLG_TSS4455	6.56019390150943e-06	0.308968384641295	0.000426294279411312	196	185	81	0.691387	1.19454288516746	7.94394964447302e-05	0.273355324675915	0.0126121302398991	196	185	81	0.691387	1.19454288516746
NR5A2_TSS34731,TSS5566	0.000270889016028001	0.25177429165629	0.00716956628821719	136	30	0	0.0149196	0.0481336749760766	2.32132371209004e-07	0.353376154074299	0.000612638734948525	136	30	0	0.0149196	0.0481336749760766
NAV1_TSS4182,TSS6789	0.00170236761441729	-0.217845563615783	0.0256418494944729	208	208	191	1.6098	1.68729528229665	0.000361947469701103	-0.247922398366292	0.0292774806893608	208	208	191	1.6098	1.68729528229665
PTPN7_TSS11819,TSS26362	1.89788161247543e-10	0.426076473803351	9.46580879976061e-08	209	208	184	3.07511	4.5467001062201	1.58913330975658e-05	0.297855936381721	0.0055643611685874	209	208	184	3.07511	4.5467001062201
LAX1_TSS16296,TSS32641	2.2623446300764e-08	0.378180827173037	4.48277450305294e-06	205	202	86	0.779045	1.27709486220096	3.03951813045342e-05	0.288253476565086	0.00786407552637918	205	202	86	0.779045	1.27709486220096
CD55_TSS22160	0.000486238136370921	-0.241489092619865	0.0108642771012038	209	209	209	35.3043	35.4187440191388	0.000946878272985256	-0.230320249639145	0.049698471326029	209	209	209	35.3043	35.4187440191388
TRAF3IP3_TSS9082,TSS9474	2.5912180363584e-10	0.423177142970258	1.09620737443827e-07	205	205	188	4.12	6.55824513397129	9.44061670165158e-05	0.270585826012978	0.0140297443901695	205	205	188	4.12	6.55824513397129
TRAF5_TSS34889,TSS35580,TSS8938	0.000267820973284217	0.251970339595289	0.00711618700428052	207	207	195	2.10825	2.6493866076555	0.000125168103164149	0.265995081198811	0.0161483033856943	207	207	195	2.10825	2.6493866076555
FAM89A_TSS4251	0.00119170466436417	-0.224821327822835	0.0200007635757141	209	209	209	52.2642	52.008809569378	3.26017838089872e-05	-0.287194756976632	0.00789241781549392	209	209	209	52.2642	52.008809569378
TRIB2_TSS27688	3.10532067920465e-08	0.374720726883895	5.54400520773726e-06	205	204	160	1.76701	2.55545684497608	0.000851818543669941	0.232321345119632	0.0467429838148191	205	204	160	1.76701	2.55545684497608
ZAP70_TSS22131,TSS35458	5.63106508792048e-13	0.475762218729648	1.51161671781835e-09	205	205	170	2.76916	4.99797503827751	0.000598377262627004	0.23888157464055	0.0385339741590148	205	205	170	2.76916	4.99797503827751
IL18R1_TSS34462	2.76461306784006e-06	0.32066802714742	0.000207841984197235	200	187	48	0.466638	0.738374816172249	5.05497691308107e-05	0.280470921745855	0.00950075477024009	200	187	48	0.466638	0.738374816172249
KIF5C_TSS20975,TSS21364	1.18550544387344e-07	0.359619125615675	1.55398485388969e-05	200	141	8	0.157209	0.260358135837321	0.000173787608013474	0.260547274248925	0.0194073045436149	200	141	8	0.157209	0.260358135837321
CDCA7_TSS9501	1.33383878675946e-07	0.358252148520302	1.72193198123023e-05	203	190	53	0.586259	0.889375975598086	0.000247236085278423	0.254561213463263	0.0237579006609089	203	190	53	0.586259	0.889375975598086
ITGA4_TSS24112	0.00265248006190452	0.208862111836014	0.0343117625821566	209	209	209	9.92245	11.0818024880383	0.000390704909705583	0.246568939408082	0.0307286406061059	209	209	209	9.92245	11.0818024880383
STAT4_TSS18456,TSS5227	8.96184895918617e-08	0.362837825709291	1.23205399581948e-05	205	203	135	1.49258	2.24083747799043	7.80777342699146e-05	0.273631119590233	0.012473406035458	205	203	135	1.49258	2.24083747799043
CD28_TSS30429	1.02945131503991e-08	0.386612305842711	2.26843147101165e-06	204	199	66	0.675958	1.10690685741627	0.000363090699836757	0.247866718046149	0.0292774806893608	204	199	66	0.675958	1.10690685741627
TUBA4A_TSS2759,TSS28369	5.91376205085227e-13	0.475375836181894	1.51161671781835e-09	209	206	172	2.4636	3.81653519617225	0.000180775723251838	0.259884868757548	0.0199090703765646	209	206	172	2.4636	3.81653519617225
INPP5D_TSS12300	0.000475053749027568	0.24190663530324	0.0106829738105281	209	209	209	13.9637	14.9269318660287	0.000366638391955255	0.247694959803149	0.0294705784175103	209	209	209	13.9637	14.9269318660287
ARL4C_TSS25821,TSS2669	6.80645939851143e-09	0.390949124542635	1.61092508041991e-06	209	208	201	4.57039	6.00943908564593	0.00017251957200759	0.260670130322924	0.0194073045436149	209	208	201	4.57039	6.00943908564593
SLC6A6_TSS1526	4.10160588129054e-05	-0.282349624109998	0.00175907966328301	209	209	209	45.6833	46.3137755980861	0.000424158632038019	-0.245106150333554	0.0321718658561537	209	209	209	45.6833	46.3137755980861
OXNAD1_TSS23692	5.39446800410289e-07	0.341539441521996	5.38624986925289e-05	209	208	207	2.53416	2.94018264114833	0.000172248886777747	0.260696465314446	0.0194073045436149	209	208	207	2.53416	2.94018264114833
CXCR6_TSS25765	1.54436331293209e-09	0.406001608101491	4.59017100486711e-07	208	208	193	5.78245	10.9249298133971	8.52493411073011e-05	0.272226403420708	0.0130966795665006	208	208	193	5.78245	10.9249298133971
CCR5_TSS491	2.18724496431795e-05	0.29178134077727	0.00109409331766989	209	209	200	5.23042	6.81950903349282	0.000159209172811584	0.262013214890535	0.018928119377846	209	209	200	5.23042	6.81950903349282
CD96_TSS35644	3.55769042893475e-11	0.441210650495912	2.79707347603836e-08	209	208	165	2.37397	3.97483383205742	3.89982788320266e-05	0.28446898235815	0.00832858924536602	209	208	165	2.37397	3.97483383205742
ZBED2_TSS18019	0.00360410776068099	0.202433462478449	0.0417609240574645	172	130	10	0.155181	0.287337065550239	0.000383419186717266	0.246902870745448	0.0303423462281115	172	130	10	0.155181	0.287337065550239
SIDT1_TSS11062	8.47196175001292e-05	0.27102908859813	0.00297870446068886	201	187	18	0.292696	0.440750932440191	4.44572433185418e-05	0.282457677397009	0.00875883711475371	201	187	18	0.292696	0.440750932440191
SLC9A9_TSS35734	7.3314327801434e-07	0.337736289908306	6.96649640495336e-05	207	194	45	0.535835	0.705872794354067	0.000353194020360162	0.248354221687928	0.0288434260524796	207	194	45	0.535835	0.705872794354067
ST6GAL1_TSS18437,TSS23896	2.64767140453913e-06	0.321240443376385	0.000200970767355366	209	208	206	3.70036	4.80735480952153	2.25171529280758e-06	0.324896386464263	0.00250243889562846	209	208	206	3.70036	4.80735480952153
GABRA4_TSS15695,TSS32018	1.0770518177327e-05	-0.302023757742747	0.000634343813665102	198	79	1	0.071935	0.115336817703349	7.07675201531745e-06	-0.309374373138782	0.00393236648398977	198	79	1	0.071935	0.115336817703349
ANTXR2_TSS10288,TSS15192	0.0034516905251443	0.203350967354613	0.0406958770817406	209	207	175	2.20603	2.62645104961722	0.000514569231114236	0.241630729482725	0.0356937100382748	209	207	175	2.20603	2.62645104961722
TSPAN5_TSS26330	2.29846294439997e-07	0.351857731783072	2.68269458090445e-05	201	168	40	0.326261	0.5778200915311	0.000133969820681062	0.264876545846529	0.0165430076639064	201	168	40	0.326261	0.5778200915311
ELOVL6_TSS32069,TSS794	1.95351124445036e-08	0.379770740365859	3.90107038432778e-06	199	174	29	0.305799	0.513148875598086	0.000156223107118501	0.262328891662901	0.01865990112643	199	174	29	0.305799	0.513148875598086
ZNF827_TSS22419	8.05827251701195e-05	0.271826479924775	0.00285287401395211	199	102	1	0.0940501	0.156491634354067	0.000526229880104643	0.241224442177345	0.0357738350142415	199	102	1	0.0940501	0.156491634354067
FAM134B_TSS1869,TSS33898	0.000563524462677186	-0.238825337875592	0.012084101334305	209	209	209	8.34997	8.85565444976076	0.000891875462539679	-0.231454250334673	0.047927720069791	209	209	209	8.34997	8.85565444976076
EMB_TSS17303	1.18201220902751e-05	0.300701253453047	0.000688232666855401	208	208	184	2.89705	4.19367018660287	2.28546185562484e-05	0.292517913403261	0.00679542897063547	208	208	184	2.89705	4.19367018660287
PDE4D_TSS16039,TSS22359,TSS25408,TSS25617,TSS29920,TSS3013,TSS3508,TSS3690	5.89248529972265e-07	0.340449975731452	5.77525819600542e-05	206	177	28	0.293168	0.536165931578947	0.000566723735388306	0.239875407485263	0.0374315901815516	206	177	28	0.293168	0.536165931578947
F2R_TSS19258	6.4930969630374e-09	0.391439206853146	1.56575520256792e-06	207	203	93	0.826875	1.55786377511962	4.03090926699492e-06	0.317111830814592	0.00324424953446904	207	203	93	0.826875	1.55786377511962
ACSL6_TSS12829,TSS22056,TSS33015	3.39259480388186e-06	0.317940923858887	0.00024635828347166	183	54	1	0.0458318	0.100488133444976	0.00073540363919846	0.235073150272352	0.043113881700807	183	54	1	0.0458318	0.100488133444976
DCANP1_TSS21320	0.00117091560475766	0.225160162539646	0.0198079244031836	189	170	17	0.312419	0.417967681818182	0.000309292920363438	0.250682278401494	0.0272628223615414	189	170	17	0.312419	0.417967681818182
REEP2_TSS32202	0.00453635984056494	0.197482591940044	0.0484045286432513	102	29	1	0	0.0587460148325359	0.000697747142914941	0.236049744085495	0.0425998980049542	102	29	1	0	0.0587460148325359
PPP2R2B_TSS16827,TSS20701,TSS25167,TSS32472,TSS7462	4.01150327486439e-07	0.34516401423852	4.28431618808489e-05	193	169	31	0.357744	0.547576531100478	0.000581591990264644	0.239402363782756	0.0380841473693416	193	169	31	0.357744	0.547576531100478
ANXA6_TSS11300,TSS22637	5.44544065606929e-10	0.416149012478561	1.98844155156839e-07	209	208	206	8.16094	11.7399961521531	0.000774463981437845	0.234107700238004	0.0448890563027954	209	208	206	8.16094	11.7399961521531
ITK_TSS1054	1.50932372573718e-11	0.448681731954292	1.62255567064899e-08	209	208	188	3.50486	5.3292971491866	0.000276111462478265	0.252655514569797	0.0252862785265061	209	208	188	3.50486	5.3292971491866
ADAM19_TSS1594	3.44620237631704e-11	0.441491339724535	2.79707347603836e-08	209	208	173	2.45939	3.68064251502392	0.000401249989323998	0.246095707590736	0.0312453560856841	209	208	173	2.45939	3.68064251502392
SFXN1_TSS35167	0.000246425420759446	0.253398669414441	0.00672239080046127	205	203	193	2.43978	2.80103999569378	3.49701478146102e-05	0.286131108046033	0.00790608243800284	205	203	193	2.43978	2.80103999569378
SERPINB9_TSS19853	0.00201365901163822	0.214485671655248	0.0287227332569669	209	205	166	2.03821	2.4087370607177	9.84221927391915e-05	0.269912914317022	0.014294145844355	209	205	166	2.03821	2.4087370607177
SOX4_TSS16511	0.00401753486622272	-0.200110473051029	0.0445133111033892	209	209	209	4.92176	5.14456645933014	0.000612366000430418	-0.238457762019374	0.0389370331766217	209	209	209	4.92176	5.14456645933014
TREM2_TSS28347	0.00260263819206925	0.209253819938645	0.0339072552637524	209	209	209	82.5211	92.1779719617225	8.80785416566707e-06	0.306306276540027	0.00416391766825873	209	209	209	82.5211	92.1779719617225
TRERF1_TSS31764	2.72134863750382e-07	0.349844211883302	3.06433447238922e-05	209	204	85	0.749142	1.22622211334928	1.64945170127944e-06	0.328970329849678	0.00237797692362631	209	204	85	0.749142	1.22622211334928
RCAN2_TSS18088,TSS31718,TSS8426	3.02043384561707e-06	0.319492238451242	0.000223783505877733	193	162	22	0.267285	0.487840865215311	0.000809189024924901	0.233286365898986	0.0457603554559854	193	162	22	0.267285	0.487840865215311
PRDM1_TSS16731,TSS30061	1.12519199131958e-07	0.36022253455727	1.49641474606548e-05	206	204	127	1.29282	1.86578941578947	5.03904541630135e-05	0.280519934068953	0.00950075477024009	206	204	127	1.29282	1.86578941578947
SCML4_TSS32503,TSS9590	1.31072996289049e-10	0.429487535011448	7.44523746254306e-08	204	189	81	0.63486	1.15214363856459	5.86819186474731e-05	0.278144195163275	0.0103446105003314	204	189	81	0.63486	1.15214363856459
THEMIS_TSS11521,TSS3012	5.06532865526606e-08	0.369294288624428	8.04602393734364e-06	207	201	112	1.08552	2.03631658038277	0.000168990230093327	0.261016568970694	0.0194073045436149	207	201	112	1.08552	2.03631658038277
ZC3H12D_TSS11859	4.30563842963311e-05	0.281607152536527	0.00181911444462565	208	208	62	0.76351	0.944607248803828	0.00064643309472601	0.237461905682226	0.0404104194978093	208	208	62	0.76351	0.944607248803828
ZBTB2_TSS23127	0.00060334808595481	0.237582218690278	0.0126515015792378	209	209	209	4.68294	4.83186736842105	0.000343382777283737	0.248850197539459	0.0284974258771091	209	209	209	4.68294	4.83186736842105
SYNE1_TSS17246,TSS33718	6.81790443275376e-07	0.338641080855291	6.57631906436297e-05	209	209	74	0.733832	1.00511580861244	1.40975493614052e-05	0.299592449762066	0.00549724221793166	209	209	74	0.733832	1.00511580861244
CCR6_TSS15799,TSS20563	1.79594568755581e-05	0.294670624429118	0.000938776435983928	208	205	131	1.37228	2.12305273827751	0.000229414807812904	0.255843644604024	0.0225495233926763	208	205	131	1.37228	2.12305273827751
GLCCI1_TSS29894	0.000811906865860688	0.232100666331138	0.0153955129067248	208	203	82	0.847063	1.0551380337799	0.000135291553884088	0.264714546596633	0.0165463512384267	208	203	82	0.847063	1.0551380337799
LOC100506178_TSS23162	0.00123851215516925	0.224077842956445	0.0205702463926454	148	63	1	0.0494152	0.104513786124402	1.95453160980638e-05	0.294828700179505	0.00638159431043302	148	63	1	0.0494152	0.104513786124402
ABCB1_TSS12396	1.06662899382479e-06	0.333018712861527	9.40141507281223e-05	197	141	10	0.179237	0.285990054832536	0.000720846323086014	0.235445093374689	0.0427533421590226	197	141	10	0.179237	0.285990054832536
CDK6_TSS10640,TSS17533	1.97297327560185e-05	0.293296504026306	0.00100862339795318	209	205	60	0.662732	0.827723595406699	4.43667706415865e-05	0.28248906981374	0.00875883711475371	209	205	60	0.662732	0.827723595406699
PVRIG_TSS10408	1.42351014730844e-06	0.329332749032091	0.000120086940182677	200	191	46	0.488162	0.722468277990431	0.00061592017670613	0.238351507384148	0.0390658452525692	200	191	46	0.488162	0.722468277990431
TCAF2_TSS17748,TSS27449,TSS2942	8.34133597192685e-05	0.271276850475305	0.00293681664984053	197	141	2	0.152875	0.226534573588517	0.000252298597312814	0.254212610499079	0.0240634494250479	197	141	2	0.152875	0.226534573588517
EPHA1_TSS30610	4.02210906114395e-11	0.440126568752089	3.02379793270295e-08	204	177	29	0.323228	0.536256248277512	0.000552934674909277	0.240324481983051	0.0370959664707507	204	177	29	0.323228	0.536256248277512
GIMAP5_TSS17510	2.29962459804211e-05	0.291041913182464	0.00113463163336733	209	195	188	3.79885	4.6358184767651	0.000191732212300856	0.258892917410227	0.0205918784816058	209	195	188	3.79885	4.6358184767651
CSGALNACT1_TSS11995,TSS26235,TSS4047	0.000312500086131088	0.249301505984094	0.00783119088391837	203	173	30	0.318641	0.546479908660287	4.80723784469998e-05	0.281250067295135	0.00923893282318618	203	173	30	0.318641	0.546479908660287
DUSP4_TSS11832,TSS35696	3.91193017469583e-08	0.37217227196518	6.66618981302668e-06	208	198	79	0.698707	1.10442946464115	0.000225843199409596	0.256111782699519	0.0223751086050725	208	198	79	0.698707	1.10442946464115
SNAI2_TSS33924	0.00132979775711118	-0.222699127154141	0.0216504642243819	202	196	117	1.13173	1.29441421722488	3.90998282322257e-05	-0.284429206935665	0.00832858924536602	202	196	117	1.13173	1.29441421722488
PDE7A_TSS27686,TSS8654	0.00211926782205908	0.213452986657402	0.0295998872028288	208	208	203	2.44174	2.90904549760766	1.22380366604982e-05	0.30162902243975	0.00496534055680942	208	208	203	2.44174	2.90904549760766
MYC_TSS15543	7.20394416541025e-05	0.273602619109937	0.00262758985668749	207	207	206	4.25449	4.91106254066986	0.00085948133457083	0.232152609881366	0.0467429838148191	207	207	206	4.25449	4.91106254066986
DENND3_TSS19159	0.00196236607416222	0.215005156197774	0.0281797973155397	209	209	208	5.28075	5.74191068421053	3.46935151903227e-05	0.28625178148117	0.00790608243800284	209	209	208	5.28075	5.74191068421053
CORO2A_TSS20932,TSS22985	2.63285231575746e-05	-0.289034496435469	0.00125322789651911	209	209	209	22.4344	22.3545371291866	0.000258189746478372	-0.253815052226801	0.0244429189249395	209	209	209	22.4344	22.3545371291866
TNFSF8_TSS11185	0.00438490878121478	0.198220497319161	0.0472803823454423	208	208	155	1.64713	2.04119125358852	0.00016850682858859	0.261064544415661	0.0194073045436149	208	208	155	1.64713	2.04119125358852
TRAF1_TSS10088,TSS10913,TSS12784	2.35946917479739e-08	0.377723913897477	4.60384668526689e-06	209	208	208	3.45725	4.27023429473684	0.000129353506011204	0.265454320449381	0.016287709197795	209	208	208	3.45725	4.27023429473684
FAM102A_TSS27745,TSS28229	2.96132129109835e-13	0.48078713349988	1.13760554235486e-09	208	208	207	4.33932	6.13919118181818	0.000827091009359633	0.232875541846803	0.0462801278270529	208	208	207	4.33932	6.13919118181818
RALGDS_TSS13171,TSS14319,TSS20402,TSS31005	0.000561577362271262	0.238888178747672	0.0120705510788276	209	209	209	31.8993	33.3884459330144	0.000460414144812411	0.243636977018657	0.033624702730143	209	209	209	31.8993	33.3884459330144
SARDH_TSS13303,TSS25151	9.15381830804987e-07	0.334952332116284	8.32671707373889e-05	195	165	37	0.374472	0.58198833076555	1.41942015720625e-05	0.299493688237714	0.00549724221793166	195	165	37	0.374472	0.58198833076555
DBH-AS1_TSS15307	0.00385037555519088	0.20102251195497	0.0433756939472164	171	121	21	0.167591	0.371366221052632	1.8966683400828e-05	0.295270388535172	0.00629619992738396	171	121	21	0.167591	0.371366221052632
AKR1C3_TSS27896,TSS3470	0.00364487534351258	-0.202193997076432	0.0420427159997857	209	209	209	42.8864	47.3417968899521	3.4363103545515e-06	-0.319267082518972	0.00320545937275026	209	209	209	42.8864	47.3417968899521
SPOCK2_TSS25443,TSS27340	2.13830510882871e-13	0.483302164846898	1.13760554235486e-09	209	208	197	5.26395	8.61235243301435	0.000749580495473558	0.234717395193236	0.0436933014178305	209	208	197	5.26395	8.61235243301435
STAMBPL1_TSS19314	4.84860312215667e-06	0.313118303695564	0.000330493718414524	205	198	84	0.840054	1.05705898181818	0.000304365868546606	0.250962454820427	0.0270135276594437	205	198	84	0.840054	1.05705898181818
ANKRD22_TSS21907	0.00253332793169159	0.209810001474445	0.0334664662650097	200	186	74	0.572189	0.990218796650718	0.000102563864878314	0.269245378055167	0.0148114968935287	200	186	74	0.572189	0.990218796650718
DUSP5_TSS20173	1.41511646161168e-07	0.357563863902354	1.81767798368121e-05	209	209	205	3.38332	3.71189055502392	0.000402493980990577	0.246040643517554	0.0312453560856841	209	209	205	3.38332	3.71189055502392
AFAP1L2_TSS17654	0.0033039182943706	0.204276149008884	0.0395002130600594	155	59	1	0.0416491	0.0904212969856459	0.000207037943432205	0.257592278793656	0.0211683874882823	155	59	1	0.0416491	0.0904212969856459
ADAM8_TSS4574	6.77456378558301e-09	0.390998000776475	1.61092508041991e-06	208	207	184	2.4087	3.47483703444976	6.88677079092805e-05	0.275624415357064	0.0114306979342151	208	207	184	2.4087	3.47483703444976
DENND5A_TSS12877	0.000498226302006085	-0.241051301211042	0.011056931650529	209	209	209	60.6601	60.1269454545455	0.000230972319773599	-0.255727930247337	0.0225495233926763	209	209	209	60.6601	60.1269454545455
AMPD3_TSS14989,TSS22629,TSS25071,TSS25967,TSS36176	0.000419904495483427	0.244108858753682	0.00977520838711464	208	207	116	1.18702	1.63070045933014	5.14220448696598e-06	0.313791000342534	0.00345894444450888	208	207	116	1.18702	1.63070045933014
SLC43A1_TSS14866,TSS9610	5.69193713789408e-05	0.277296853993536	0.00225118074862508	188	150	9	0.200723	0.314768272248804	0.000201336184242934	0.258065982948354	0.0207702635928997	188	150	9	0.200723	0.314768272248804
CD6_TSS4778	2.36759316022033e-14	0.499781136201967	5.30211275368229e-10	208	208	208	6.57103	9.70740995215311	0.000722205075732842	0.235410085273263	0.0427533421590226	208	208	208	6.57103	9.70740995215311
DGAT2_TSS13748	2.24792182831251e-05	-0.291377762732135	0.00111724285823557	208	207	203	4.8078	5.35869074832536	0.000419294576651015	-0.245312042085451	0.0319928020112734	208	207	203	4.8078	5.35869074832536
MYO7A_TSS21748,TSS8185	5.06791539420338e-08	0.369288574168627	8.04602393734364e-06	208	205	105	1.00335	1.57458260555024	2.22609200869973e-05	0.292908150095811	0.00677394498028258	208	205	105	1.00335	1.57458260555024
SYTL2_TSS15012,TSS1743,TSS3351,TSS9599	0.000301373431970195	0.249931239620583	0.00765746152543754	207	204	97	0.959184	1.18524245933014	0.000401957704480475	0.246064361894908	0.0312453560856841	207	204	97	0.959184	1.18524245933014
ETS1_TSS21595,TSS35401	2.02206559097853e-10	0.425488562533449	9.50272539486207e-08	209	209	208	5.38477	8.25492674162679	0.000130001042926447	0.265372123354631	0.0162890032266809	209	209	208	5.38477	8.25492674162679
CCND2_TSS27869	8.15971691336498e-08	0.363908697286681	1.16519845822638e-05	208	208	166	1.59757	2.15908054066986	0.00010569958071272	0.268756568780202	0.0151571870013963	208	208	166	1.59757	2.15908054066986
ENO2_TSS27326	2.46388187642797e-07	0.3510308580256	2.82418316786436e-05	204	197	86	0.810917	1.11595570287081	5.94639316860265e-05	0.277936705863052	0.0104066194108889	204	197	86	0.810917	1.11595570287081
CLSTN3_TSS25679	7.00568174451035e-11	0.435175133848599	4.59686735944969e-08	209	208	194	2.75558	3.50686680669856	0.000750415058973733	0.234696646412037	0.0436933014178305	209	208	194	2.75558	3.50686680669856
KLRB1_TSS24007	2.41467155106916e-08	0.377472231035381	4.64070823435179e-06	202	202	182	3.82605	6.61825223923445	6.63550628464911e-05	0.276211726516323	0.0111619221878353	202	202	182	3.82605	6.61825223923445
LOC374443_TSS10607,TSS10875,TSS25587,TSS25811,TSS26348	0.00325576411819142	0.204585726349283	0.0392364859147057	206	206	142	1.27649	1.70668065550239	4.4422649233761e-06	0.315791316644319	0.00324424953446904	206	206	142	1.27649	1.70668065550239
A2M_TSS30411	0.000249498580912251	0.253186571841571	0.00674860658909845	209	209	208	20.5893	25.2833657799043	8.84231630376551e-06	0.306251212466845	0.00416391766825873	209	209	208	20.5893	25.2833657799043
CLEC2D_TSS13210	7.77323544048959e-07	0.33700512348548	7.27069828149203e-05	209	209	151	1.65955	2.39925194258373	3.18278903668068e-05	0.287558156666659	0.00789241781549392	209	209	151	1.65955	2.39925194258373
KLRD1_TSS26063,TSS36364	5.3211655578694e-05	0.278343547512389	0.00214195768227873	198	183	41	0.427156	0.736513836650718	0.000577820728269857	0.239521281861336	0.0379683178285496	198	183	41	0.427156	0.736513836650718
SLC38A1_TSS10899,TSS19178,TSS5709	2.5051435892105e-07	0.350832908270692	2.85865961088435e-05	209	207	131	1.38788	2.13238356363636	0.000349249972060386	0.248552044072676	0.0287177656817292	209	207	131	1.38788	2.13238356363636
ADCY6_TSS4650	0.000239268439877175	-0.253902323338589	0.00660468746403939	202	176	13	0.232584	0.363640475741627	5.46499172486738e-05	-0.279257070332989	0.00999138840960277	202	176	13	0.232584	0.363640475741627
FKBP11_TSS14833,TSS9581	0.000840423450078284	0.231455017360133	0.0157387521503394	204	203	195	3.50919	4.05997099330144	0.000115880288898516	0.267258189223509	0.0156999332542305	204	203	195	3.50919	4.05997099330144
IFNG_TSS15869	6.91202116493833e-08	0.365794376396152	1.00958955998279e-05	204	200	143	2.25826	4.67213829617225	0.000318743597656871	0.250156282670531	0.0275925093226358	204	200	143	2.25826	4.67213829617225
CMKLR1_TSS22814,TSS7058	0.000154924235542287	0.261214144133814	0.0047255589316186	209	208	172	2.14495	3.48928969138756	2.34387404840614e-07	0.35326076839331	0.000612638734948525	209	208	172	2.14495	3.48928969138756
TPCN1_TSS13472,TSS23287	9.47040267214591e-05	0.269245650461827	0.00324494588073353	207	206	101	0.964829	1.41755153444976	1.76532383432713e-05	0.29632222890243	0.00601645900389811	207	206	101	0.964829	1.41755153444976
PXN_TSS25869,TSS31433	2.04330333770082e-06	0.324647815106936	0.000160704235738371	208	206	185	2.35243	3.19977445574163	0.000698304341147678	0.236034942799371	0.0425998980049542	208	206	185	2.35243	3.19977445574163
HIP1R_TSS21369,TSS28145	1.75018169965893e-05	0.295046684178105	0.000924305669937642	206	187	29	0.344851	0.538868724784689	1.88306403067562e-05	0.295376082718734	0.00629619992738396	206	187	29	0.344851	0.538868724784689
LATS2_TSS35058	0.000222903877376382	-0.255108804295302	0.00627494053922654	209	209	208	5.15263	5.11747718660287	0.00012671340306672	-0.265793483218979	0.0161483033856943	209	209	208	5.15263	5.11747718660287
SLAIN1_TSS11653,TSS1730,TSS20020	6.337337555011e-05	0.27561905230877	0.00239274276578488	195	181	18	0.342433	0.458287076555024	0.00043666498894458	0.244586645087516	0.0325410897446426	195	181	18	0.342433	0.458287076555024
DOCK9_TSS26804,TSS28758	3.2680667972385e-09	0.398488632728391	8.79316372675931e-07	208	197	53	0.477498	0.718512407177033	0.000896858123169739	0.231348910368586	0.0479917838445581	208	197	53	0.477498	0.718512407177033
GPR183_TSS5088	0.00150710232676054	0.220252445715638	0.0235475103438238	208	207	190	2.7018	3.60545477751196	0.000557166139774436	0.240185583206401	0.0372819992114512	208	207	190	2.7018	3.60545477751196
IRS2_TSS5397	0.00131891426551759	-0.22285886874393	0.0216038897317157	209	209	209	14.0603	14.2529357894737	0.000341480782672883	-0.248947866975549	0.0284974258771091	209	209	209	14.0603	14.2529357894737
JPH4_TSS6975	0.000891764968086626	-0.230341820144814	0.0163370874396326	208	207	206	2.89963	2.91742471770335	1.07766733881465e-05	-0.303446934884799	0.00459104247457354	208	207	206	2.89963	2.91742471770335
GZMH_TSS23901	2.98874760796944e-11	0.442743763977745	2.6343233657692e-08	205	204	164	3.41181	6.27305045311005	0.000371953931848099	0.247440477579769	0.0296466478260279	205	204	164	3.41181	6.27305045311005
GNG2_TSS18014	2.30007750013939e-08	0.378001111966541	4.52248315238946e-06	209	208	170	2.26327	3.3047382277512	3.22539919649384e-05	0.287357053095039	0.00789241781549392	209	208	170	2.26327	3.3047382277512
GCH1_TSS30510	0.0003883806679582	0.245491357939439	0.00923021886957448	209	209	204	4.72506	5.4735436937799	0.000445489389825764	0.244228317282828	0.0329680454433622	209	209	204	4.72506	5.4735436937799
SYNE2_TSS16945,TSS1711,TSS22406	2.56874672435698e-11	0.444069910175544	2.3449905364746e-08	209	209	168	2.43776	3.86285644976077	0.00053709059298553	0.24085344821781	0.0362231468266574	209	209	168	2.43776	3.86285644976077
ZFP36L1_TSS13769,TSS28851	0.00104703350429839	0.227301718399974	0.0182933857849427	209	209	209	18.7517	21.3846675598086	5.1766364777361e-05	0.280101363915766	0.00958840615995742	209	209	209	18.7517	21.3846675598086
TTC7B_TSS12377	1.87859325162273e-07	-0.354244469392715	2.29754651218797e-05	209	209	209	12.9763	12.8840138755981	0.00080691293186718	-0.233339197303596	0.0457603554559854	209	209	209	12.9763	12.8840138755981
GPR68_TSS16190,TSS35383	3.64425266046433e-09	0.397380875150194	9.57943902821338e-07	205	201	106	1.01093	1.51351318229665	0.000339191993019273	0.249066070613539	0.0284265132248054	205	201	106	1.01093	1.51351318229665
CCDC88C_TSS12116	5.49670153682369e-11	0.437349428022562	3.94367698570327e-08	208	208	138	1.32026	1.94459071291866	0.000710238300557323	0.235720518961201	0.0427533421590226	208	208	138	1.32026	1.94459071291866
CATSPERB_TSS22716	0.000866842187710859	0.230874618761141	0.0160560530145488	97	9	0	0	0.0232445113397129	0.000471668609583832	0.243202686099034	0.0342509128681032	97	9	0	0	0.0232445113397129
TC2N_TSS15706,TSS15930	1.0390064665793e-07	0.361141031748791	1.4051875286896e-05	207	205	109	1.03737	1.86901702105263	1.18847240741914e-05	0.302048894567088	0.00489976503323236	207	205	109	1.03737	1.86901702105263
BCL11B_TSS27034	2.85039092992495e-12	0.462704967960078	4.85725617065412e-09	206	198	73	0.633631	1.15132941727273	0.000253926305876787	0.254101909525424	0.024128662842069	206	198	73	0.633631	1.15132941727273
GPR132_TSS30533	5.8526735299386e-07	0.340533763677602	5.77525819600542e-05	206	203	128	1.18441	1.54090603162679	1.97232483284773e-05	0.294695362112897	0.00638159431043302	206	203	128	1.18441	1.54090603162679
RASGRP1_TSS8855	1.92567605957338e-10	0.425941715044335	9.46580879976061e-08	209	209	163	2.0543	3.19589926794258	0.000189937447965711	0.259051725389404	0.0205918784816058	209	209	163	2.0543	3.19589926794258
PATL2_TSS11322	2.92632376214383e-05	0.287456194489727	0.00135752743528418	206	206	167	1.52309	1.89272934449761	0.000477417459117373	0.242984537005007	0.0345127896717971	206	206	167	1.52309	1.89272934449761
DAPK2_TSS33783	8.86933459716704e-09	0.388181495564297	2.02418805034095e-06	200	183	77	0.59444	1.18065313827751	3.40406050400846e-05	0.286540231489892	0.00789902562535361	200	183	77	0.59444	1.18065313827751
LOXL1-AS1_TSS1251,TSS13349,TSS25298	0.000663324651219504	0.235846133725116	0.01341610513322	168	116	3	0.126512	0.197257825837321	0.000642244435728556	0.237581700424652	0.0404104194978093	168	116	3	0.126512	0.197257825837321
ODF3L1_TSS109	0.00251594628085571	-0.209951646067357	0.0333849786373429	206	205	180	2.3205	2.74379872583732	0.000511282383673432	-0.241746790627922	0.0356937100382748	206	205	180	2.3205	2.74379872583732
PSTPIP1_TSS3455	1.51375684868798e-09	0.406199698300734	4.5521339775663e-07	207	207	207	5.80971	7.30585961722488	0.000245575402235961	0.254677016010822	0.0236873692700129	207	207	207	5.80971	7.30585961722488
ISG20_TSS31978,TSS7565	1.53909559992946e-08	0.382335570012235	3.25130765535513e-06	206	206	199	4.15741	6.05581267464115	0.000346279067783707	0.2487024304878	0.028644787222069	206	206	199	4.15741	6.05581267464115
NLRC3_TSS14670	7.01372508972802e-11	0.435164811908722	4.59686735944969e-08	207	206	130	1.43093	2.4020147384689	5.59942395645879e-05	0.278877684853295	0.0100614692500795	207	206	130	1.43093	2.4020147384689
ADCY9_TSS3133	0.000658594263286501	-0.235977681197753	0.0133499825248741	207	207	205	2.88791	2.93499788995215	1.79172944207628e-06	-0.327893106878954	0.00237797692362631	207	207	205	2.88791	2.93499788995215
XYLT1_TSS26523	5.01327660408134e-05	0.279266231986615	0.00204703455713935	208	204	44	0.561298	0.691048080191388	5.62884903861884e-05	0.278795786760322	0.0100614692500795	208	204	44	0.561298	0.691048080191388
PRKCB_TSS17400	0.000125436668723068	0.264690640823653	0.00400785836153793	208	208	158	1.70821	2.24461156937799	0.000130993900395138	0.265246832637391	0.0163333418926835	208	208	158	1.70821	2.24461156937799
GGA2_TSS21779	9.37087402114102e-09	-0.38760319722034	2.08286009438596e-06	209	209	209	82.3653	82.7998626794258	0.000107605332409345	-0.268466085843417	0.0151571870013963	209	209	209	82.3653	82.7998626794258
IL21R_TSS14281,TSS4541	3.38153234241081e-06	0.317984647952485	0.000246298459899104	205	199	100	0.959957	1.46859268709183	1.60481196768313e-06	0.32932663427844	0.00237797692362631	205	199	100	0.959957	1.46859268709183
SEPT1_TSS3220	2.0407001240857e-10	0.425403378240185	9.50272539486207e-08	208	208	196	4.81238	8.13327097129187	0.000270029455645641	0.25304096308207	0.0251093504136198	208	208	196	4.81238	8.13327097129187
AMFR_TSS30832	5.69818842909287e-05	-0.27727976219698	0.00225118074862508	209	209	209	30.0196	29.8232066985646	0.000653552768640281	-0.237259918920156	0.0406458937207158	209	209	209	30.0196	29.8232066985646
NLRC5_TSS42	2.06418496695424e-07	0.353132185956902	2.44455211309448e-05	209	209	209	9.59746	11.2534526794258	0.000199888387901732	0.258188256879508	0.0207702635928997	209	209	209	9.59746	11.2534526794258
B3GNT9_TSS35875	6.98683858571881e-06	0.308095554945703	0.000446476452723896	205	190	22	0.428416	0.51512505657807	0.000746456732935732	0.234795247134697	0.0436617403903209	205	190	22	0.428416	0.51512505657807
RLTPR_TSS13878	2.52817106235705e-11	0.444209008747549	2.3449905364746e-08	205	201	76	0.719954	1.15574890861244	0.000231132394228754	0.255716078836617	0.0225495233926763	205	201	76	0.719954	1.15574890861244
ZNRF1_TSS35402	4.59013832863175e-08	0.370394816008832	7.47315451071059e-06	205	201	58	0.664654	0.912066740047847	0.000403386702721949	0.246001225230036	0.0312453560856841	205	201	58	0.664654	0.912066740047847
SLC7A5_TSS11446	5.56456802800234e-11	0.437239805612378	3.94367698570327e-08	208	207	172	1.86702	2.54794016555024	0.000605875470553996	0.238653279380672	0.0386272841026212	208	207	172	1.86702	2.54794016555024
CPNE7_TSS19730	6.96065730375429e-08	0.365714944944644	1.01091682580263e-05	200	180	77	0.607079	1.38269142057416	0.000303238338416345	0.251027164119128	0.0270072305514292	200	180	77	0.607079	1.38269142057416
FAM101B_TSS30306	6.73997889364261e-10	0.414100278630886	2.29707467333865e-07	206	204	149	1.69692	2.57768335741627	0.000757270722115791	0.234527002443856	0.0439922657454585	206	204	149	1.69692	2.57768335741627
ATP2A3_TSS26016	1.29026783359803e-11	0.450028621312537	1.49911527702724e-08	209	209	192	3.18073	4.74448931578947	0.000445310904130769	0.244235499553243	0.0329680454433622	209	209	192	3.18073	4.74448931578947
ACAP1_TSS17528	3.49556323197307e-10	0.420363540299382	1.37461679649944e-07	209	209	199	4.26146	7.29895793301435	4.80040929661226e-05	0.281272073993416	0.00923893282318618	209	209	199	4.26146	7.29895793301435
CHD3_TSS13044,TSS18390	1.91692208604344e-07	0.354006372310723	2.33325930673125e-05	209	208	205	3.67107	4.55627856215311	1.99820850400541e-05	0.294503412157994	0.0063845259463603	209	208	205	3.67107	4.55627856215311
HS3ST3B1_TSS7808	2.0020334515562e-05	0.293082146829322	0.00101940193337108	208	196	28	0.365773	0.529076080956938	3.26613553620839e-05	0.287167121944063	0.00789241781549392	208	196	28	0.365773	0.529076080956938
PLD6_TSS13802	0.000110441665410314	0.266764152834995	0.00361672206495301	204	198	34	0.497621	0.65708346076555	3.42684606858084e-05	0.286438978957566	0.00789902562535361	204	198	34	0.497621	0.65708346076555
EPN2_TSS32081	0.000764976472563525	-0.233210156839303	0.0147947844398817	208	207	204	2.84046	2.82186964162679	0.000127150919514221	-0.265736823085705	0.0161483033856943	208	207	204	2.84046	2.82186964162679
SLFN12L_TSS15211	1.38073561778271e-05	0.298476670681843	0.000772275341928751	204	199	112	1.07289	1.80124513732057	0.000819253811254523	0.233054376117552	0.0461254331926803	204	199	112	1.07289	1.80124513732057
MLLT6_TSS15448	1.49786843686848e-05	0.297303656969263	0.000823376669135378	209	209	209	7.10136	7.83620688995215	0.000317267342737556	0.25023748353007	0.0275925093226358	209	209	209	7.10136	7.83620688995215
LINC00672_TSS26469	0.001031999407511	0.227577265158012	0.0181174016863934	205	182	4	0.284914	0.333905639856459	0.00017386928291099	0.260539389733087	0.0194073045436149	205	182	4	0.284914	0.333905639856459
PLXDC1_TSS22967	1.42663325565852e-07	0.357469421006887	1.82330863239437e-05	203	138	11	0.170586	0.307492113971292	0.000525919697185077	0.24123514146878	0.0357738350142415	203	138	11	0.170586	0.307492113971292
IKZF3_TSS27733,TSS29524	2.68071452359514e-09	0.400492558315826	7.44801564539297e-07	209	207	138	1.4621	2.46949757607655	6.5846794355833e-05	0.276333066038013	0.0111619221878353	209	207	138	1.4621	2.46949757607655
OSBPL7_TSS26695	2.42116905124655e-06	0.322421158874222	0.000187537885208827	201	194	35	0.460844	0.656586159904306	9.40900252289007e-06	0.305373800523293	0.00429470559799273	201	194	35	0.460844	0.656586159904306
FAM117A_TSS22944	5.06987862969162e-09	0.393998852116425	1.27050164366223e-06	206	206	188	2.0216	2.64654305741627	0.000412788986933776	0.245590906874484	0.0316855834685112	206	206	188	2.0216	2.64654305741627
HLF_TSS22427	7.73018726047972e-07	0.33707459518768	7.2643866384236e-05	195	131	13	0.154282	0.305211244497608	3.15187409204452e-05	0.287705658811541	0.00789241781549392	195	131	13	0.154282	0.305211244497608
LIMD2_TSS20325	8.2658285348734e-08	0.36376137035325	1.17379357322166e-05	209	208	181	2.42225	3.99351186889952	0.000181480121972519	0.259819430293766	0.0199090703765646	209	208	181	2.42225	3.99351186889952
CDC42EP4_TSS27099	0.00358922911080287	-0.202521467843159	0.0417019478641965	209	209	209	6.66922	7.1184123923445	1.13091955002732e-07	-0.361833207148672	0.000566103232756858	209	209	209	6.66922	7.1184123923445
RAB37_TSS25713,TSS35887,TSS6121	1.68925606724331e-07	0.355493606283279	2.09607156965079e-05	208	205	123	1.23438	1.73791939473684	0.000449833005906753	0.244054346732775	0.0330407513332831	208	205	123	1.23438	1.73791939473684
ZNF521_TSS24127	0.00141889416806446	-0.221434658674803	0.0225269278446556	172	54	0	0.0415418	0.079212235215311	0.000479325548041469	-0.24291266890695	0.0345127896717971	172	54	0	0.0415418	0.079212235215311
PSTPIP2_TSS28471	5.63812740560271e-06	0.311055334476068	0.000373357965322826	209	209	204	4.53493	5.09686786602871	2.88462066802087e-05	0.28904089649234	0.00768060300992515	209	209	204	4.53493	5.09686786602871
BCL2_TSS20723	8.31810759164596e-08	0.363689452466314	1.17469142624344e-05	208	206	170	1.81542	2.25534995598086	6.786691097717e-06	0.309957264001	0.00385499135886099	208	206	170	1.81542	2.25534995598086
CD226_TSS14812,TSS30052	9.05563487703049e-06	0.304473115171701	0.00055642087281677	205	202	116	1.21365	1.7766807861244	0.000121292850965656	0.266511069984292	0.0160617603216247	205	202	116	1.21365	1.7766807861244
SLC25A23_TSS11735	0.00118315307617033	0.224960046175919	0.0199095298090781	202	156	14	0.189385	0.338822725311005	0.000830298166922354	0.232802808391655	0.0462801278270529	202	156	14	0.189385	0.338822725311005
CYP4F22_TSS6115	6.80559200725137e-06	0.308459990466401	0.000437079741953147	188	137	17	0.189949	0.34141741062201	0.000718616416443768	0.235502678739666	0.0427533421590226	188	137	17	0.189949	0.34141741062201
RASAL3_TSS30975	2.35631719071614e-10	0.424064867664884	1.03843384893592e-07	209	209	209	4.64307	6.0760952631579	0.000849531132542869	0.232371984887705	0.0467429838148191	209	209	209	4.64307	6.0760952631579
JAK3_TSS2274	1.01741276329399e-09	0.410105117048305	3.29190982817186e-07	209	207	159	1.91512	3.17893387751196	6.63750312018685e-05	0.276206977290727	0.0111619221878353	209	207	159	1.91512	3.17893387751196
RASGRP4_TSS24505	0.00157619712338127	-0.219369803879675	0.0242998640957471	209	209	209	12.5943	12.9323371291866	0.000132032201829485	-0.265116753739874	0.0163828888881721	209	209	209	12.5943	12.9323371291866
PLEKHG2_TSS293	0.00179007038451514	0.216845695517802	0.0265784901857584	208	206	48	0.665881	0.854150162679426	0.000176644577819803	0.260273509390005	0.0196313567550086	208	206	48	0.665881	0.854150162679426
DMWD_TSS7973	2.97486402861177e-08	0.375191984151979	5.35496474896799e-06	194	170	15	0.243932	0.39698447138756	0.000599113344510234	0.238859046796351	0.0385339741590148	194	170	15	0.243932	0.39698447138756
ANGPT4_TSS20384	0.00179351962459048	-0.216807292762642	0.0265784901857584	208	208	207	13.0669	14.0791536650718	6.01465433639523e-06	-0.311632329067795	0.00382362322035123	208	208	207	13.0669	14.0791536650718
RASSF2_TSS28636,TSS36094	0.000691005258280798	0.235093288305962	0.0138314686036926	209	209	197	3.1514	4.31977766985646	2.39082401840452e-05	0.291848366194571	0.00686650030724023	209	209	197	3.1514	4.31977766985646
JAG1_TSS33020	2.95963806989478e-05	-0.287286572886483	0.00136801643227089	207	205	195	1.73481	1.80154308277512	0.000406546011897213	-0.245862371975289	0.0313949323568117	207	205	195	1.73481	1.80154308277512
EPB41L1_TSS2096,TSS23183,TSS2810	0.000249468056418606	-0.253188666537307	0.00674860658909845	209	209	209	15.9119	15.9710020574163	7.76692495271915e-05	-0.273714729456712	0.012473406035458	209	209	209	15.9119	15.9710020574163
SLA2_TSS26439	3.09307938680081e-11	0.442442485661806	2.63540674020051e-08	207	206	146	1.78232	2.80458343923445	0.000293172371003914	0.251614973625748	0.0263865456874332	207	206	146	1.78232	2.80458343923445
PPP1R16B_TSS11572	8.60246069276297e-12	0.453483472813103	1.0470833227034e-08	209	208	163	2.09606	3.41611994497608	0.000217944578399009	0.256719083564612	0.0218465936017924	209	208	163	2.09606	3.41611994497608
PLCG1_TSS1695	6.26014452967204e-12	0.456165381587088	8.4218712801551e-09	209	209	209	4.00441	5.23605277511962	0.000196914486094296	0.258442030434173	0.0207702635928997	209	209	209	4.00441	5.23605277511962
BCAS4_TSS29336	0.000452502434198322	0.242776968352764	0.0103271560004851	147	106	14	0.106783	0.305595427751196	0.000164769227811624	0.261439883112369	0.0194073045436149	147	106	14	0.106783	0.305595427751196
NFATC2_TSS11321,TSS27718	6.08576246823967e-10	0.41508281234894	2.13448582530314e-07	208	207	152	1.65408	2.52637979569378	4.21123920556976e-06	0.316517869010108	0.00324424953446904	208	207	152	1.65408	2.52637979569378
CASS4_TSS28755,TSS30185	1.81482096479628e-06	0.326193456693894	0.000144964495878618	206	203	97	0.953591	1.363749345311	0.000503429553710275	0.242026899575928	0.0354494843591965	206	203	97	0.953591	1.363749345311
UBASH3A_TSS7178	1.02787819163348e-10	0.431707122827445	6.25561772770082e-08	205	199	121	1.3045	2.02666295167464	0.000147647460670214	0.263267864245832	0.017886335271049	205	199	121	1.3045	2.02666295167464
TRPM2_TSS9091	0.000156929356649472	0.261000848725498	0.00476964481012741	206	201	115	1.13557	1.80009315526316	0.000240610536564782	0.255027625706867	0.0233849654948	206	201	115	1.13557	1.80009315526316
ADARB1_TSS4654	5.78759299622509e-09	0.39263186345055	1.40892061501438e-06	209	206	99	0.923525	1.2600801715311	5.03865800882827e-05	0.280521127720022	0.00950075477024009	209	206	99	0.923525	1.2600801715311
ADORA2A_TSS17679,TSS2251,TSS24762	0.000101625635399911	0.268110008239969	0.00341347288627742	203	173	79	0.59649	1.10821974332666	1.44211905633295e-05	0.299264225640584	0.00550179182073532	203	173	79	0.59649	1.10821974332666
MIAT_TSS7965	2.27959645149472e-10	0.424373486169987	1.02225903327468e-07	209	207	137	1.58455	3.0678700110048	0.000857812657681977	0.232189236007145	0.0467429838148191	209	207	137	1.58455	3.0678700110048
APOBEC3D_TSS17192	2.56392078804031e-06	0.321665390294167	0.000196121212150721	205	198	83	0.778644	1.13884448277512	0.000853082625258943	0.232293413967849	0.0467429838148191	205	198	83	0.778644	1.13884448277512
APOBEC3G_TSS23486	4.54977014621614e-10	0.41786456828634	1.73577126429001e-07	209	209	209	17.5753	20.5898524401914	0.000271867177974112	0.252923652665291	0.0251093504136198	209	209	209	17.5753	20.5898524401914
GRAP2_TSS24773,TSS26141,TSS3784,TSS7350	1.72325043046024e-10	0.426969661103777	8.98938862306003e-08	208	206	142	1.65901	2.64227506325359	0.000852105144038579	0.232315009053991	0.0467429838148191	208	206	142	1.65901	2.64227506325359
P2RY8_TSS20289	9.89108166547705e-13	0.471289084800969	2.29841762228417e-09	208	206	126	1.28026	2.14348618191388	0.000279618109982652	0.252436854337161	0.025435297186002	208	206	126	1.28026	2.14348618191388
GPR174_TSS27218	9.27395851110149e-06	0.304137955808901	0.000564408698814917	191	184	91	0.818488	1.39493388133971	0.000282595327323589	0.252253199898126	0.0256149615663768	191	184	91	0.818488	1.39493388133971
P2RY10_TSS25200	1.42338984175551e-06	0.329333835455574	0.000120086940182677	199	195	91	0.874331	1.33818824784689	0.000430701087122213	0.24483263734081	0.0324753701708876	199	195	91	0.874331	1.33818824784689
ITM2A_TSS6954	6.61890287930423e-08	0.366284780483211	9.72647404254727e-06	209	206	158	2.00753	3.40745899043062	0.000411966195627273	0.24562646592362	0.0316855834685112	209	206	158	2.00753	3.40745899043062
SH2D1A_TSS30904	3.12326102231589e-08	0.374657416226084	5.54400520773726e-06	201	188	76	0.663915	1.12194827703349	4.43009535274466e-05	0.282511945074968	0.00875883711475371	201	188	76	0.663915	1.12194827703349
DDX26B_TSS25422	0.00304404570463397	0.205997964532998	0.0375888175150478	209	209	201	2.27777	2.4835429569378	1.06261746286945e-05	0.303647240426373	0.00459104247457354	209	209	201	2.27777	2.4835429569378
LINC00892_TSS8696	5.1793863670262e-08	0.369044948008971	8.07257895899736e-06	194	189	138	1.99759	3.28916700717703	0.000191122104385283	0.258946746070723	0.0205918784816058	194	189	138	1.99759	3.28916700717703
FHL1_TSS10004,TSS15569,TSS18174,TSS32008,TSS33805,TSS765,TSS7962	4.29419722738863e-05	-0.28164790103844	0.00181911444462565	209	209	209	82.498	85.7244406698565	1.328828839459e-07	-0.359957836540303	0.000566103232756858	209	209	209	82.498	85.7244406698565
