tracking_ID	pvalue (Lymphocyte)	corr_coef (Lymphocyte)	fdr (Lymphocyte)	fpkm>0_num (Lymphocyte)	fpkm>0.1_num (Lymphocyte)	fpkm>1_num (Lymphocyte)	fpkm_median (Lymphocyte)	fpkm_mean (Lymphocyte)	pvalue (Hilar Lymphadenopathy)	corr_coef (Hilar Lymphadenopathy)	fdr (Hilar Lymphadenopathy)	pval_dir (Hilar Lymphadenopathy)	fpkm>0_num (Hilar Lymphadenopathy)	fpkm>0.1_num (Hilar Lymphadenopathy)	fpkm>1_num (Hilar Lymphadenopathy)	fpkm_median (Hilar Lymphadenopathy)	fpkm_mean (Hilar Lymphadenopathy)
TNFRSF25_TSS14993	3.79213644613554e-09	0.396975418903432	9.69307996996705e-07	206	204	168	2.41287	4.21214826315789	2.95266925788817e-05	NA	0.0123729780967011	-2.95266925788817e-05	200	198	164	2.41287	4.11289273399015
ZNF683_TSS31649	3.72004278594158e-09	0.397171133889742	9.60484986378312e-07	202	196	146	2.02632	3.59122206124402	0.000254624815514452	NA	0.0349917468245425	-0.000254624815514452	196	191	141	2.09455	3.61967443596059
LCK_TSS12239,TSS13245	4.14859571509901e-14	0.495664360848825	5.30211275368229e-10	209	209	202	6.49815	10.9743441435407	8.22877669454499e-05	NA	0.0187799786686843	-8.22877669454499e-05	203	203	197	6.40246	10.8024079655172
MACF1_TSS9046	0.002309063978275	0.211709501573143	0.0312947955189222	209	209	209	8.32492	8.68260076555024	0.000339329771385021	NA	0.0403386774175306	-0.000339329771385021	203	203	203	8.3227	8.63737738916256
RIMS3_TSS9319	1.80912240090238e-06	0.326234333955087	0.000144964495878618	203	169	6	0.209124	0.28015598645933	8.64726098177699e-05	NA	0.0188559572873759	-8.64726098177699e-05	197	163	5	0.208581	0.276806508226601
IL23R_TSS32594	9.76504934455771e-05	0.268753012184965	0.00331479981801115	164	106	10	0.101894	0.237982161483254	3.99022508345427e-05	NA	0.0142598238778773	-3.99022508345427e-05	160	102	9	0.101404	0.234118082512315
IL12RB2_TSS14387	3.23538276415885e-07	0.347766771509893	3.50422113706205e-05	202	182	60	0.427339	0.851976265645933	2.10184754158886e-05	NA	0.0123729780967011	-2.10184754158886e-05	196	176	57	0.425147	0.832462785812808
PDE4B_TSS15460,TSS15932,TSS27165,TSS28364,TSS3070,TSS891	0.0002418165555716	0.253721417486161	0.00664511402908956	209	209	209	7.59199	8.94947110047847	5.66779167077771e-05	NA	0.0157372102865706	-5.66779167077771e-05	203	203	203	7.58832	8.94915295566502
GBP5_TSS22297	8.6348691734163e-07	0.335686861635627	7.96808270547632e-05	209	209	209	22.3408	27.0769605741627	4.1233207073926e-05	NA	0.0143356084598937	-4.1233207073926e-05	203	203	203	21.6961	26.9334249261084
TGFBR3_TSS18765,TSS27510	5.99719267159318e-08	0.367398050691983	9.07066519991677e-06	203	159	9	0.210875	0.335963830382775	0.000192873843904556	NA	0.0286630716514206	-0.000192873843904556	197	154	8	0.208128	0.331431577586207
CDC14A_TSS9031	0.00034821458534878	0.247412193929346	0.00848495044432809	208	207	172	1.6327	1.84768783205742	7.90654666773556e-05	NA	0.0185412146214669	-7.90654666773556e-05	202	201	168	1.63106	1.83846896995074
VCAM1_TSS33181	0.00237402137096054	0.211142658781827	0.0319212836733943	182	143	29	0.225804	0.43603979138756	0.000125507823548481	NA	0.0234168283045455	-0.000125507823548481	177	139	27	0.22404	0.426608116256158
KCNA2_TSS22796,TSS2982	0.000952069140080492	0.229107244244757	0.0171138110334722	199	185	27	0.413888	0.527230886124402	9.35492750207843e-05	NA	0.0191297041504501	-9.35492750207843e-05	193	179	26	0.413888	0.524397045320197
RORC_TSS17590,TSS30208	3.67272416871371e-09	0.397301593258431	9.57943902821338e-07	203	189	79	0.691258	1.31739192822967	8.90901627387267e-05	NA	0.0188559572873759	-8.90901627387267e-05	197	185	76	0.691258	1.29109206551724
ATP8B2_TSS17424,TSS2604	3.03794251260063e-09	0.399228758555109	8.26094133665796e-07	208	207	147	1.77171	3.02949454641148	0.000144023098888567	NA	0.0257719679398522	-0.000144023098888567	202	201	143	1.75591	2.98778657241379
SH2D2A_TSS15501,TSS20285	1.61709684741286e-09	0.40554569423355	4.75110488697933e-07	204	202	154	1.75065	2.99199701722488	0.000234090000834361	NA	0.0331902138646421	-0.000234090000834361	198	196	150	1.74019	2.95327428374384
SLAMF6_TSS3563	2.94243395460817e-08	0.375312220873436	5.33415278820847e-06	208	208	197	2.78856	3.63012554066986	5.72575625621479e-05	NA	0.0157372102865706	-5.72575625621479e-05	202	202	191	2.78424	3.58289521182266
SLAMF1_TSS19229	2.61604201090467e-10	0.423087932321328	1.09620737443827e-07	206	205	132	1.45628	2.25817467703349	1.44103811545934e-05	NA	0.0113954492392685	-1.44103811545934e-05	200	199	128	1.44828	2.22318589408867
LY9_TSS34264	1.81600887715046e-09	0.404393371715372	5.21561830436436e-07	207	202	131	1.42059	2.26430950574163	0.000507604045686289	NA	0.0491472235294971	-0.000507604045686289	201	196	126	1.4132	2.22976234827586
SLAMF7_TSS33865	1.99431592297991e-06	0.324964812394983	0.000157335522553362	208	208	193	4.72702	7.22473119617225	7.1523660597099e-05	NA	0.0179236891031612	-7.1523660597099e-05	202	202	187	4.59414	7.1301602955665
FASLG_TSS4455	6.56019390150943e-06	0.308968384641295	0.000426294279411312	196	185	81	0.691387	1.19454288516746	6.58718170926128e-05	NA	0.0173582424402503	-6.58718170926128e-05	191	180	77	0.680145	1.18337840394089
RGS16_TSS258	5.33938811062636e-08	0.368703929037568	8.27152118155882e-06	204	199	123	1.31034	1.81642416842105	0.000264353544977278	NA	0.0353777013778231	-0.000264353544977278	198	193	119	1.31034	1.79354703054187
B3GALT2_TSS25289	0.00019150134202821	0.257675189849348	0.00556878931010588	191	141	20	0.172294	0.426204885789474	9.31922934574387e-07	NA	0.00587255904482368	-9.31922934574387e-07	185	136	18	0.170077	0.421950105073892
KIF21B_TSS22875	8.08055099150974e-12	0.45401343083431	1.0327348194699e-08	209	208	200	2.2737	2.81758580172249	0.000500849413285668	NA	0.0486776116083459	-0.000500849413285668	203	202	194	2.23147	2.79489567763547
PTPN7_TSS11819,TSS26362	1.89788161247543e-10	0.426076473803351	9.46580879976061e-08	209	208	184	3.07511	4.5467001062201	8.99975270552739e-05	NA	0.0188559572873759	-8.99975270552739e-05	203	202	179	3.06809	4.48017197142857
LAX1_TSS16296,TSS32641	2.2623446300764e-08	0.378180827173037	4.48277450305294e-06	205	202	86	0.779045	1.27709486220096	6.83525218376199e-05	NA	0.0175587719939974	-6.83525218376199e-05	199	196	83	0.776706	1.25532114384236
TRAF5_TSS34889,TSS35580,TSS8938	0.000267820973284217	0.251970339595289	0.00711618700428052	207	207	195	2.10825	2.6493866076555	8.06609326153298e-05	NA	0.0187434008961859	-8.06609326153298e-05	201	201	189	2.10242	2.61991399507389
TRIB2_TSS27688	3.10532067920465e-08	0.374720726883895	5.54400520773726e-06	205	204	160	1.76701	2.55545684497608	0.000107503006090172	NA	0.0211387769790818	-0.000107503006090172	199	198	156	1.75512	2.52593899310345
LINC00954_TSS24573	0.00298513867193392	0.206406703206272	0.0370569303140857	180	92	1	0.081084	0.130087301435407	0.000308154935340532	NA	0.0386115112854869	-0.000308154935340532	175	89	1	0.0808295	0.129792189655172
ITPRIPL1_TSS14358,TSS21566,TSS28029,TSS28469	1.16551379278226e-06	0.331891564222927	0.000101678150366237	198	183	48	0.402094	0.721470768899522	0.000163035071505175	NA	0.0274494076091555	-0.000163035071505175	192	177	47	0.395225	0.709947175862069
ZAP70_TSS22131,TSS35458	5.63106508792048e-13	0.475762218729648	1.51161671781835e-09	205	205	170	2.76916	4.99797503827751	0.000169598941198738	NA	0.0277907196634165	-0.000169598941198738	199	199	165	2.76389	4.8788358226601
IL18R1_TSS34462	2.76461306784006e-06	0.32066802714742	0.000207841984197235	200	187	48	0.466638	0.738374816172249	6.0908307276987e-06	NA	0.00915810142533568	-6.0908307276987e-06	195	182	44	0.465426	0.723019426502463
IL18RAP_TSS8155	1.53195656941062e-07	0.356638165784122	1.92898783861531e-05	203	197	111	1.10431	1.88896787033493	2.83026262543527e-05	NA	0.0123729780967011	-2.83026262543527e-05	197	192	107	1.08891	1.85527316502463
KIF5C_TSS20975,TSS21364	1.18550544387344e-07	0.359619125615675	1.55398485388969e-05	200	141	8	0.157209	0.260358135837321	3.99413356164035e-05	NA	0.0142598238778773	-3.99413356164035e-05	194	137	8	0.156507	0.258904121133005
SLC4A10_TSS20548	1.80916927584172e-06	0.326233997208481	0.000144964495878618	178	83	7	0.068266	0.195075268325359	0.000145668482081172	NA	0.0258571671560892	-0.000145668482081172	172	80	7	0.0643919	0.195953318128079
DPP4_TSS16365	1.15713949463474e-10	0.430627549405755	6.8785215400834e-08	209	206	136	1.81135	3.10097987894737	2.80371366267188e-06	NA	0.00618514500620379	-2.80371366267188e-06	203	200	132	1.80209	3.08701455024631
CD28_TSS30429	1.02945131503991e-08	0.386612305842711	2.26843147101165e-06	204	199	66	0.675958	1.10690685741627	3.27906849906393e-05	NA	0.0133041698261227	-3.27906849906393e-05	198	193	62	0.673417	1.06539966600985
TUBA4A_TSS2759,TSS28369	5.91376205085227e-13	0.475375836181894	1.51161671781835e-09	209	206	172	2.4636	3.81653519617225	0.000122105279672457	NA	0.0231195041015383	-0.000122105279672457	203	200	168	2.44902	3.76418400492611
ARL4C_TSS25821,TSS2669	6.80645939851143e-09	0.390949124542635	1.61092508041991e-06	209	208	201	4.57039	6.00943908564593	2.3237934771351e-06	NA	0.00618514500620379	-2.3237934771351e-06	203	202	195	4.43754	5.97398915714286
OXNAD1_TSS23692	5.39446800410289e-07	0.341539441521996	5.38624986925289e-05	209	208	207	2.53416	2.94018264114833	0.000197542234619977	NA	0.0291871506307586	-0.000197542234619977	203	202	201	2.48754	2.92408872906404
CCR4_TSS16110	1.9341129900665e-07	0.353901063328651	2.34302664166303e-05	203	200	125	1.2537	2.2669267645933	0.000188344236757326	NA	0.0284920922394849	-0.000188344236757326	197	194	121	1.24569	2.180489008867
CCR8_TSS25220	0.00423889079760651	0.198953972069909	0.0463233380408807	175	148	36	0.317226	0.545199038277512	4.01669464890718e-05	NA	0.0142598238778773	-4.01669464890718e-05	169	143	33	0.297955	0.534674123152709
CXCR6_TSS25765	1.54436331293209e-09	0.406001608101491	4.59017100486711e-07	208	208	193	5.78245	10.9249298133971	0.000342455029130478	NA	0.0403386774175306	-0.000342455029130478	202	202	187	5.77837	10.8095756699507
CCR5_TSS491	2.18724496431795e-05	0.29178134077727	0.00109409331766989	209	209	200	5.23042	6.81950903349282	0.000487586279933246	NA	0.0482119234111547	-0.000487586279933246	203	203	194	5.05365	6.73545979310345
EIF4E3_TSS21924,TSS28591,TSS33154,TSS7334,TSS9072	1.04250127722097e-05	0.302485934220114	0.000619706398768494	209	208	99	0.984549	1.27230340688995	1.52162143863663e-05	NA	0.0113954492392685	-1.52162143863663e-05	203	202	95	0.979907	1.2547565617734
TRAT1_TSS17010	1.81044038857983e-08	0.380591303471609	3.70213334179913e-06	203	200	136	1.89128	2.75212824066986	1.72304994091721e-05	NA	0.0115902314578381	-1.72304994091721e-05	197	194	132	1.86533	2.72713453349754
CD96_TSS35644	3.55769042893475e-11	0.441210650495912	2.79707347603836e-08	209	208	165	2.37397	3.97483383205742	1.88879756307333e-05	NA	0.0120698886274294	-1.88879756307333e-05	203	202	161	2.36207	3.90045696502463
SLC9A9_TSS35734	7.3314327801434e-07	0.337736289908306	6.96649640495336e-05	207	194	45	0.535835	0.705872794354067	8.60606030732241e-05	NA	0.0188559572873759	-8.60606030732241e-05	201	188	44	0.527186	0.697704803054187
GPR171_TSS11719	2.91605417714397e-07	0.34901627688	3.25490221930031e-05	205	204	153	1.90962	3.11393261052632	0.000331616604325121	NA	0.0399832642601623	-0.000331616604325121	199	198	149	1.86961	3.03943904236453
ST6GAL1_TSS18437,TSS23896	2.64767140453913e-06	0.321240443376385	0.000200970767355366	209	208	206	3.70036	4.80735480952153	2.6570963687885e-05	NA	0.0123729780967011	-2.6570963687885e-05	203	202	200	3.67524	4.72293987778325
EVC2_TSS12345,TSS34868	1.11216784222021e-06	0.332487753845061	9.73565829280509e-05	193	106	3	0.103886	0.192608465885167	0.000144180251766318	NA	0.0257719679398522	-0.000144180251766318	187	102	3	0.103531	0.191796326453202
JAKMIP1_TSS10651,TSS12014	1.91221438629447e-09	0.403879203770724	5.43090132534143e-07	198	183	70	0.620221	1.09555498995215	0.00044926798460435	NA	0.0464928702610194	-0.00044926798460435	192	178	68	0.604834	1.09739893743842
RHOH_TSS32015,TSS32437,TSS35929,TSS6305	4.82029131865467e-07	0.342921940707752	4.88934390460842e-05	209	209	209	4.87487	5.62597138755981	0.000414642220273974	NA	0.0447201257064264	-0.000414642220273974	203	203	203	4.87487	5.62197226600985
CXCL10_TSS26257	8.82457882446281e-05	0.270377739746878	0.003052301208824	209	209	208	25.4222	36.3093927751196	6.33712155310985e-05	NA	0.0168732462519834	-6.33712155310985e-05	203	203	202	25.3256	35.0406111330049
CXCL11_TSS8000	0.000655056057271847	0.236076646573843	0.013320515417602	204	202	154	1.99269	3.12135048038277	0.00011401551154933	NA	0.0219124097046046	-0.00011401551154933	198	196	149	1.99082	3.00135657832512
CXCL9_TSS34713	5.77730783992579e-07	0.340693882676566	5.74606092203669e-05	208	208	202	13.1118	20.4912319760766	5.85785978272996e-06	NA	0.00915810142533568	-5.85785978272996e-06	202	202	196	13.0181	19.878035729064
ELOVL6_TSS32069,TSS794	1.95351124445036e-08	0.379770740365859	3.90107038432778e-06	199	174	29	0.305799	0.513148875598086	0.000182043063594275	NA	0.0280313418586342	-0.000182043063594275	193	169	27	0.290127	0.505295809852217
INPP4B_TSS1248	1.8186513578207e-07	0.354626335583381	2.23493016140649e-05	202	176	34	0.345824	0.539728465741627	4.71317693463633e-05	NA	0.014697046329175	-4.71317693463633e-05	196	170	32	0.340146	0.534531553399015
ANKRD33B_TSS26098	0.000207378264884007	0.256332301008594	0.00593010474081788	205	99	0	0.0902558	0.117781425263158	1.64150583480427e-05	NA	0.0115902314578381	-1.64150583480427e-05	199	95	0	0.0902313	0.115003069359606
EMB_TSS17303	1.18201220902751e-05	0.300701253453047	0.000688232666855401	208	208	184	2.89705	4.19367018660287	6.27331077702861e-05	NA	0.0168732462519834	-6.27331077702861e-05	202	202	178	2.89544	4.11863304926108
GZMK_TSS29633	1.33855059417466e-08	0.383827139397579	2.89955014726257e-06	200	196	140	1.83	3.78468942488038	0.000103289055898856	NA	0.0207887524238635	-0.000103289055898856	194	190	135	1.81423	3.75780096945813
GZMA_TSS29553	3.61652914279658e-10	0.420042150776498	1.40063790028823e-07	207	206	193	6.85968	13.5977488066986	5.44141113026649e-05	NA	0.0156278550450272	-5.44141113026649e-05	201	200	188	6.76401	13.5644478995074
PDE4D_TSS16039,TSS22359,TSS25408,TSS25617,TSS29920,TSS3013,TSS3508,TSS3690	5.89248529972265e-07	0.340449975731452	5.77525819600542e-05	206	177	28	0.293168	0.536165931578947	1.52157860361951e-05	NA	0.0113954492392685	-1.52157860361951e-05	200	172	26	0.292927	0.529098618719212
F2R_TSS19258	6.4930969630374e-09	0.391439206853146	1.56575520256792e-06	207	203	93	0.826875	1.55786377511962	0.000494171743426413	NA	0.0482119234111547	-0.000494171743426413	201	197	89	0.820898	1.5201539408867
ACSL6_TSS12829,TSS22056,TSS33015	3.39259480388186e-06	0.317940923858887	0.00024635828347166	183	54	1	0.0458318	0.100488133444976	1.70171938043439e-05	NA	0.0115902314578381	-1.70171938043439e-05	178	50	1	0.0456306	0.0975042102955665
DCANP1_TSS21320	0.00117091560475766	0.225160162539646	0.0198079244031836	189	170	17	0.312419	0.417967681818182	2.08365754408729e-05	NA	0.0123729780967011	-2.08365754408729e-05	183	164	16	0.3116	0.409699283251232
ANXA6_TSS11300,TSS22637	5.44544065606929e-10	0.416149012478561	1.98844155156839e-07	209	208	206	8.16094	11.7399961521531	2.44107231705189e-05	NA	0.0123729780967011	-2.44107231705189e-05	203	202	200	7.96973	11.545315053202
ITK_TSS1054	1.50932372573718e-11	0.448681731954292	1.62255567064899e-08	209	208	188	3.50486	5.3292971491866	8.31125216365174e-05	NA	0.0188003465977967	-8.31125216365174e-05	203	202	183	3.50155	5.25191878906404
ADAM19_TSS1594	3.44620237631704e-11	0.441491339724535	2.79707347603836e-08	209	208	173	2.45939	3.68064251502392	8.97636575681889e-06	NA	0.0105648333277311	-8.97636575681889e-06	203	202	168	2.43976	3.60953788985222
SFXN1_TSS35167	0.000246425420759446	0.253398669414441	0.00672239080046127	205	203	193	2.43978	2.80103999569378	2.93705677347588e-05	NA	0.0123729780967011	-2.93705677347588e-05	199	197	187	2.42325	2.77027782807882
BTN3A1_TSS10674	0.00403373847437295	0.200023892293942	0.0446154864316084	209	209	209	20.7061	21.5988596172249	0.000107509135295201	NA	0.0211387769790818	-0.000107509135295201	203	203	203	20.7061	21.5719244334975
BTN3A3_TSS30613	2.73720732504422e-05	0.288455064398119	0.00128142411053948	209	209	209	13.0136	13.5065683253589	4.16617017359344e-05	NA	0.0143356084598937	-4.16617017359344e-05	203	203	203	12.952	13.486074137931
HCP5_TSS25393	1.42784634713944e-05	0.297993962985643	0.000791695888920419	209	209	209	16.0145	17.4561983253589	8.21033563957435e-06	NA	0.010493219464158	-8.21033563957435e-06	203	203	203	15.9076	17.3666895073892
NCR3_TSS35424	4.4015176830841e-07	0.344033578160501	4.61095055316855e-05	197	187	97	0.853359	1.76900706937799	0.00010839397142852	NA	0.0211500633869038	-0.00010839397142852	191	181	94	0.840465	1.78672871182266
C4B_TSS5662	0.00328120756087579	0.204421641621404	0.0394360184462373	206	109	1	0.109423	0.158523919090909	5.61024531843524e-05	NA	0.0157372102865706	-5.61024531843524e-05	200	106	1	0.109423	0.155598661527094
TAP1_TSS30082,TSS4674	1.66679816903825e-09	0.405245422940797	4.84148045440759e-07	209	209	209	43.5889	47.9095722488038	9.00739445983573e-07	NA	0.00587255904482368	-9.00739445983573e-07	203	203	203	43.4943	47.6720812807882
ITPR3_TSS34335	3.61110381867947e-11	0.441079187378884	2.79707347603836e-08	209	209	197	2.16893	2.62010752631579	0.000455845587227287	NA	0.0468177485602994	-0.000455845587227287	203	203	191	2.16893	2.60834301970443
KCNK5_TSS33854	0.00132641279462111	0.222748680984784	0.0216365267666306	174	80	1	0.0763944	0.129307228899522	0.000483563706662269	NA	0.0482119234111547	-0.000483563706662269	169	76	1	0.0761521	0.127116949605911
TRERF1_TSS31764	2.72134863750382e-07	0.349844211883302	3.06433447238922e-05	209	204	85	0.749142	1.22622211334928	9.18011040031732e-05	NA	0.0190617296995188	-9.18011040031732e-05	203	198	81	0.7395	1.21031212162562
RCAN2_TSS18088,TSS31718,TSS8426	3.02043384561707e-06	0.319492238451242	0.000223783505877733	193	162	22	0.267285	0.487840865215311	4.89166289452294e-05	NA	0.0148852137198691	-4.89166289452294e-05	187	158	22	0.270941	0.495314214926108
BACH2_TSS20549	2.57034568563403e-06	0.321632325714809	0.000196121212150721	200	92	1	0.0815775	0.140160986507177	1.13156151366765e-05	NA	0.0113954492392685	-1.13156151366765e-05	194	88	1	0.0805101	0.137143043103448
CEP85L_TSS30898,TSS32729	0.00228356065099382	0.211936023925361	0.0311473286019493	206	204	79	0.827699	1.04060993444976	7.15219501027954e-05	NA	0.0179236891031612	-7.15219501027954e-05	200	198	76	0.816485	1.03132553842365
THEMIS_TSS11521,TSS3012	5.06532865526606e-08	0.369294288624428	8.04602393734364e-06	207	201	112	1.08552	2.03631658038277	2.83089899524138e-05	NA	0.0123729780967011	-2.83089899524138e-05	201	195	108	1.06368	2.01610032167488
TMEM200A_TSS11390,TSS19912,TSS27245	6.99907053583591e-09	0.390658587953823	1.64131414648167e-06	204	191	75	0.69297	1.02668995717703	2.60109970413973e-05	NA	0.0123729780967011	-2.60109970413973e-05	198	186	72	0.691159	1.0159695179803
ZC3H12D_TSS11859	4.30563842963311e-05	0.281607152536527	0.00181911444462565	208	208	62	0.76351	0.944607248803828	0.000177910203405217	NA	0.0278253938635781	-0.000177910203405217	202	202	58	0.761279	0.932022064039409
SYNE1_TSS17246,TSS33718	6.81790443275376e-07	0.338641080855291	6.57631906436297e-05	209	209	74	0.733832	1.00511580861244	7.37115885510358e-05	NA	0.0179519129959173	-7.37115885510358e-05	203	203	70	0.728234	0.997153039408867
TIAM2_TSS16201,TSS8920	6.08821341525465e-05	0.276246779188449	0.00234368709498982	201	126	8	0.135787	0.266306408878249	0.000251045168190416	NA	0.0346863002384606	-0.000251045168190416	195	122	7	0.135787	0.265049613468172
CDK6_TSS10640,TSS17533	1.97297327560185e-05	0.293296504026306	0.00100862339795318	209	205	60	0.662732	0.827723595406699	0.000188379311782518	NA	0.0284920922394849	-0.000188379311782518	203	199	56	0.660712	0.814447790344828
ASNS_TSS17952,TSS20232	0.0005233228386237	0.24016552112823	0.0115013949286906	204	202	162	1.64039	1.68444852966507	0.000279525273600552	NA	0.0364538036658352	-0.000279525273600552	198	196	156	1.61702	1.66785040738916
TCAF2_TSS17748,TSS27449,TSS2942	8.34133597192685e-05	0.271276850475305	0.00293681664984053	197	141	2	0.152875	0.226534573588517	4.70639063019795e-05	NA	0.014697046329175	-4.70639063019795e-05	191	135	2	0.151543	0.222873299901478
EPHA1_TSS30610	4.02210906114395e-11	0.440126568752089	3.02379793270295e-08	204	177	29	0.323228	0.536256248277512	0.000315240054647303	NA	0.0389306873116388	-0.000315240054647303	198	171	28	0.323228	0.533828354137931
LZTS1_TSS2986	1.31055837373799e-09	0.407622305943796	4.08526616964838e-07	196	138	12	0.165923	0.329333220669856	7.42936980270444e-05	NA	0.0179519129959173	-7.42936980270444e-05	190	134	12	0.16523	0.329341262807882
DUSP4_TSS11832,TSS35696	3.91193017469583e-08	0.37217227196518	6.66618981302668e-06	208	198	79	0.698707	1.10442946464115	5.84337404736636e-05	NA	0.0158896259600778	-5.84337404736636e-05	202	192	75	0.675219	1.10193670004926
PDE7A_TSS27686,TSS8654	0.00211926782205908	0.213452986657402	0.0295998872028288	208	208	203	2.44174	2.90904549760766	0.000274407423272138	NA	0.035969887929534	-0.000274407423272138	202	202	197	2.4405	2.88280245812808
MSC-AS1_TSS17897,TSS21334	0.000257357427586479	0.252655050795882	0.00691245707627646	183	91	0	0.0766999	0.121764672331235	5.62379017397751e-05	NA	0.0157372102865706	-5.62379017397751e-05	177	87	0	0.0738872	0.119332633582404
FRMD3_TSS22216,TSS26857,TSS31026,TSS6702	0.00473874557662929	0.196530357360639	0.0498055409885778	207	199	35	0.570029	0.687041777703349	0.000179616032753983	NA	0.0278253938635781	-0.000179616032753983	201	193	33	0.564956	0.686288505123153
NTRK2_TSS11428,TSS554,TSS8900	5.47879015432031e-05	0.277890444804407	0.00219503691433513	185	92	12	0.0839092	0.256212381818182	1.4944003677465e-06	NA	0.00618514500620379	-1.4944003677465e-06	179	89	11	0.0839092	0.255326614778325
SEMA4D_TSS7454	2.22052188185673e-06	0.323558573324219	0.000173044999457744	209	209	209	12.3066	13.339080430622	0.000345607198440443	NA	0.0405232366942026	-0.000345607198440443	203	203	203	12.2164	13.2714454187192
TRAF1_TSS10088,TSS10913,TSS12784	2.35946917479739e-08	0.377723913897477	4.60384668526689e-06	209	208	208	3.45725	4.27023429473684	0.000422212297504084	NA	0.0449673689020912	-0.000422212297504084	203	202	202	3.44242	4.21243683546798
FAM102A_TSS27745,TSS28229	2.96132129109835e-13	0.48078713349988	1.13760554235486e-09	208	208	207	4.33932	6.13919118181818	5.22367986234826e-05	NA	0.0154862157264818	-5.22367986234826e-05	202	202	201	4.33509	6.01787077339901
DBH-AS1_TSS15307	0.00385037555519088	0.20102251195497	0.0433756939472164	171	121	21	0.167591	0.371366221052632	0.000228328372602018	NA	0.0326050364920681	-0.000228328372602018	166	117	20	0.165523	0.364034429064039
IL15RA_TSS18224,TSS18694	2.21749166827673e-06	0.323576490918028	0.000173044999457744	207	207	205	4.67136	5.50811010526316	8.82269435161969e-05	NA	0.0188559572873759	-8.82269435161969e-05	201	201	199	4.67136	5.4816037044335
PRKCQ_TSS12645	2.1224885044819e-10	0.42503820295021	9.68802297554674e-08	209	207	122	1.2443	1.73623622511962	3.71697665104166e-05	NA	0.0139720059084229	-3.71697665104166e-05	203	201	118	1.24271	1.71418337463054
ZEB1_TSS23011,TSS4728	8.95524811931034e-06	0.304629803508366	0.000552910862748048	198	165	18	0.252361	0.400887854976077	8.55236394444117e-05	NA	0.0188559572873759	-8.55236394444117e-05	192	160	16	0.252127	0.391821967438424
SPOCK2_TSS25443,TSS27340	2.13830510882871e-13	0.483302164846898	1.13760554235486e-09	209	208	197	5.26395	8.61235243301435	4.71483040175405e-05	NA	0.014697046329175	-4.71483040175405e-05	203	202	191	5.23378	8.43481472167488
ANKRD22_TSS21907	0.00253332793169159	0.209810001474445	0.0334664662650097	200	186	74	0.572189	0.990218796650718	5.59272586689178e-06	NA	0.00915810142533568	-5.59272586689178e-06	194	180	71	0.571633	0.963141130541872
ANO9_TSS22755	9.18463645555633e-10	0.411102696970375	3.04894146026591e-07	201	192	69	0.658907	1.07398842200957	2.33810564618259e-05	NA	0.0123729780967011	-2.33810564618259e-05	195	187	66	0.653561	1.05649706896552
CD5_TSS26111	3.56044142984972e-13	0.479354877659663	1.13760554235486e-09	207	207	206	4.53083	6.59470154066986	1.41000425780527e-05	NA	0.0113954492392685	-1.41000425780527e-05	201	201	200	4.51058	6.46168666009852
CD6_TSS4778	2.36759316022033e-14	0.499781136201967	5.30211275368229e-10	208	208	208	6.57103	9.70740995215311	0.000361779244785449	NA	0.041843616633307	-0.000361779244785449	202	202	202	6.55119	9.59990866995074
CCND1_TSS13895	0.000174011916555878	0.259280402897868	0.00517176726301933	206	196	35	0.493469	0.649185563301435	0.000418403270503229	NA	0.0449361596526598	-0.000418403270503229	200	190	33	0.491512	0.639306299162562
MYO7A_TSS21748,TSS8185	5.06791539420338e-08	0.369288574168627	8.04602393734364e-06	208	205	105	1.00335	1.57458260555024	0.000342455029130478	NA	0.0403386774175306	-0.000342455029130478	202	199	100	0.972075	1.55207434758621
BIRC3_TSS31006	0.000373440731599665	0.246183305764229	0.0089126564428477	209	208	193	2.55111	3.18610700430622	0.000161670529329493	NA	0.0274494076091555	-0.000161670529329493	203	202	187	2.44378	3.13517267931034
IL10RA_TSS32240	0.000302208445415275	0.249883236665907	0.00766344253299588	209	209	209	46.9306	47.3769301435407	0.000457902161107737	NA	0.0468177485602994	-0.000457902161107737	203	203	203	46.7639	47.2379694581281
ETS1_TSS21595,TSS35401	2.02206559097853e-10	0.425488562533449	9.50272539486207e-08	209	209	208	5.38477	8.25492674162679	2.36445651753722e-05	NA	0.0123729780967011	-2.36445651753722e-05	203	203	202	5.38401	8.11115871428571
CRACR2A_TSS16641	7.24617260124596e-06	0.307589418377733	0.000457331895951724	207	205	117	1.0708	1.35320421578947	9.45700480663283e-05	NA	0.0191849603065351	-9.45700480663283e-05	201	199	113	1.06414	1.34700938472906
CCND2_TSS27869	8.15971691336498e-08	0.363908697286681	1.16519845822638e-05	208	208	166	1.59757	2.15908054066986	9.91964320118725e-06	NA	0.0105648333277311	-9.91964320118725e-06	202	202	160	1.59332	2.13379168965517
VAMP1_TSS28587	2.07917874947444e-05	0.292527052459284	0.00105239382208547	208	208	195	2.21972	2.75329164593301	2.95274701263161e-05	NA	0.0123729780967011	-2.95274701263161e-05	202	202	189	2.20045	2.73616159605911
C1S_TSS7208	0.000311859452523566	0.249337194072255	0.00782280614912155	202	197	104	0.993414	1.45051340813397	2.10184754158886e-05	NA	0.0123729780967011	-2.10184754158886e-05	196	191	100	0.953364	1.42321520837438
CLSTN3_TSS25679	7.00568174451035e-11	0.435175133848599	4.59686735944969e-08	209	208	194	2.75558	3.50686680669856	4.34196753708255e-05	NA	0.0146032937125483	-4.34196753708255e-05	203	202	189	2.75558	3.49478782561576
CLEC2D_TSS13210	7.77323544048959e-07	0.33700512348548	7.27069828149203e-05	209	209	151	1.65955	2.39925194258373	2.54690670322112e-05	NA	0.0123729780967011	-2.54690670322112e-05	203	203	147	1.65249	2.36116892610837
KLRK1_TSS7227	2.75039955347411e-08	0.37605147462087	5.09441760770664e-06	204	204	154	1.96793	3.33737799521531	0.000190159104519733	NA	0.0285920992389935	-0.000190159104519733	198	198	149	1.96266	3.32505233497537
ST8SIA1_TSS20281	4.18179921077014e-08	0.371431917408982	6.98633788408468e-06	187	79	0	0.070968	0.116426603923445	0.000309991002522708	NA	0.0386520976365021	-0.000309991002522708	182	76	0	0.070968	0.114933876453202
ABCD2_TSS16216	1.20979625898104e-08	0.384903030319406	2.64304292100977e-06	195	137	17	0.168501	0.325354091674641	7.23369096254018e-06	NA	0.0102722430385272	-7.23369096254018e-06	189	132	16	0.166133	0.31579791408867
NELL2_TSS16845,TSS21479,TSS24540,TSS5660	4.81899520423237e-10	0.417316793645992	1.81144612375564e-07	201	189	69	0.5677	1.14070876028708	1.36379698194611e-05	NA	0.0113954492392685	-1.36379698194611e-05	195	183	65	0.558738	1.1246289453202
SLC38A1_TSS10899,TSS19178,TSS5709	2.5051435892105e-07	0.350832908270692	2.85865961088435e-05	209	207	131	1.38788	2.13238356363636	0.000166390054054019	NA	0.0277907196634165	-0.000166390054054019	203	201	127	1.3791	2.09357263448276
WNT1_TSS298	0.000996951260811451	0.228234230686143	0.0176720327167833	122	42	1	0.0184103	0.0637476814832536	0.000191650322151176	NA	0.0286478004941883	-0.000191650322151176	119	40	1	0.0184103	0.0638175469458128
IL26_TSS30365	1.01920235454994e-05	0.302805868971498	0.000610113147181524	147	121	27	0.157509	0.537651686124402	0.000222062400858661	NA	0.0318884102716193	-0.000222062400858661	141	117	27	0.157509	0.545775771921182
IFNG_TSS15869	6.91202116493833e-08	0.365794376396152	1.00958955998279e-05	204	200	143	2.25826	4.67213829617225	0.000491924532453086	NA	0.0482119234111547	-0.000491924532453086	198	194	139	2.25253	4.72898948719212
BTBD11_TSS16782,TSS545	1.80065064615486e-06	0.326295331584369	0.000144964495878618	190	130	9	0.162221	0.287851940334928	2.02121335613172e-06	NA	0.00618514500620379	-2.02121335613172e-06	184	126	8	0.159388	0.282890877487685
CMKLR1_TSS22814,TSS7058	0.000154924235542287	0.261214144133814	0.0047255589316186	209	208	172	2.14495	3.48928969138756	9.93030972893724e-07	NA	0.00587255904482368	-9.93030972893724e-07	203	202	166	2.10195	3.39936411576355
KLF12_TSS9262	0.00016687282370875	0.259979334015343	0.00500638057138423	206	201	30	0.505696	0.619634114354067	8.2285830479315e-05	NA	0.0187799786686843	-8.2285830479315e-05	200	195	28	0.501464	0.608559339408867
SLAIN1_TSS11653,TSS1730,TSS20020	6.337337555011e-05	0.27561905230877	0.00239274276578488	195	181	18	0.342433	0.458287076555024	0.000388279226538479	NA	0.0433397611770746	-0.000388279226538479	189	175	18	0.3239	0.455370275862069
DOCK9_TSS26804,TSS28758	3.2680667972385e-09	0.398488632728391	8.79316372675931e-07	208	197	53	0.477498	0.718512407177033	5.53467335452971e-06	NA	0.00915810142533568	-5.53467335452971e-06	202	191	50	0.462307	0.706380591625616
GPR18_TSS2231	1.20573757266509e-06	0.331459017807278	0.000104474095236924	181	164	40	0.369648	0.65894289138756	6.8232129046619e-05	NA	0.0175587719939974	-6.8232129046619e-05	175	158	37	0.367481	0.643802356157635
GNG2_TSS18014	2.30007750013939e-08	0.378001111966541	4.52248315238946e-06	209	208	170	2.26327	3.3047382277512	2.24182380091477e-05	NA	0.0123729780967011	-2.24182380091477e-05	203	202	166	2.20995	3.27860573694581
GCH1_TSS30510	0.0003883806679582	0.245491357939439	0.00923021886957448	209	209	204	4.72506	5.4735436937799	0.00017961699415087	NA	0.0278253938635781	-0.00017961699415087	203	203	198	4.7202	5.43678380295566
SYNE2_TSS16945,TSS1711,TSS22406	2.56874672435698e-11	0.444069910175544	2.3449905364746e-08	209	209	168	2.43776	3.86285644976077	2.62913152131331e-05	NA	0.0123729780967011	-2.62913152131331e-05	203	203	163	2.37108	3.83729851724138
DPF3_TSS24213,TSS35469	9.1722343151549e-06	0.304293176044499	0.00056088871131501	203	195	21	0.391423	0.510954900956938	0.000443627122332549	NA	0.0462838892813971	-0.000443627122332549	197	189	20	0.380537	0.509874272413793
TC2N_TSS15706,TSS15930	1.0390064665793e-07	0.361141031748791	1.4051875286896e-05	207	205	109	1.03737	1.86901702105263	0.000175379998732181	NA	0.0278253938635781	-0.000175379998732181	201	199	105	1.01698	1.83060304630542
ASB2_TSS10290,TSS25101	4.13087103571341e-06	0.3152922526112	0.000287708976958775	194	170	38	0.354814	0.623911778803828	0.000106117511006748	NA	0.0211387769790818	-0.000106117511006748	188	165	37	0.339292	0.619281058965517
BCL11B_TSS27034	2.85039092992495e-12	0.462704967960078	4.85725617065412e-09	206	198	73	0.633631	1.15132941727273	9.59488164197256e-06	NA	0.0105648333277311	-9.59488164197256e-06	200	193	69	0.619519	1.13331925128079
GPR132_TSS30533	5.8526735299386e-07	0.340533763677602	5.77525819600542e-05	206	203	128	1.18441	1.54090603162679	0.0001399006364387	NA	0.0253617033192172	-0.0001399006364387	200	197	123	1.1442	1.51722195374384
RASGRP1_TSS8855	1.92567605957338e-10	0.425941715044335	9.46580879976061e-08	209	209	163	2.0543	3.19589926794258	1.19656724940342e-05	NA	0.0113954492392685	-1.19656724940342e-05	203	203	159	2.03208	3.16445229064039
DAPK2_TSS33783	8.86933459716704e-09	0.388181495564297	2.02418805034095e-06	200	183	77	0.59444	1.18065313827751	0.000148158980337636	NA	0.0261142250668558	-0.000148158980337636	194	177	73	0.588366	1.1594908270936
SYNM_TSS34567	0.000157818554449788	0.260907073756345	0.004790973955215	197	120	1	0.126993	0.171999961913876	1.56034866935721e-05	NA	0.0113954492392685	-1.56034866935721e-05	191	116	1	0.125822	0.169971161280788
NLRC3_TSS14670	7.01372508972802e-11	0.435164811908722	4.59686735944969e-08	207	206	130	1.43093	2.4020147384689	4.58488797938796e-06	NA	0.00901494781854889	-4.58488797938796e-06	201	200	126	1.42143	2.36399406571429
PRKCB_TSS17400	0.000125436668723068	0.264690640823653	0.00400785836153793	208	208	158	1.70821	2.24461156937799	6.38430516388627e-07	NA	0.00587255904482368	-6.38430516388627e-07	202	202	152	1.68677	2.21978186206897
IL21R_TSS14281,TSS4541	3.38153234241081e-06	0.317984647952485	0.000246298459899104	205	199	100	0.959957	1.46859268709183	8.95466745575085e-05	NA	0.0188559572873759	-8.95466745575085e-05	199	193	96	0.937375	1.4503610817842
SEPT1_TSS3220	2.0407001240857e-10	0.425403378240185	9.50272539486207e-08	208	208	196	4.81238	8.13327097129187	1.41001425492121e-05	NA	0.0113954492392685	-1.41001425492121e-05	202	202	190	4.80409	7.89808799507389
NKD1_TSS3837	1.59652952799718e-05	0.296381142441181	0.00085913455295023	193	69	1	0.060144	0.0965866702870813	0.000377410011726067	NA	0.0424510766729085	-0.000377410011726067	187	67	1	0.0593947	0.0947709553694581
GNAO1_TSS29948	1.28072376461691e-06	0.330688219377632	0.000109854295796553	208	194	40	0.645462	0.765754293110048	0.000519057218887557	NA	0.0498782765864092	-0.000519057218887557	202	188	38	0.630119	0.75537039044335
NLRC5_TSS42	2.06418496695424e-07	0.353132185956902	2.44455211309448e-05	209	209	209	9.59746	11.2534526794258	1.14873421322008e-06	NA	0.00587255904482368	-1.14873421322008e-06	203	203	203	9.5902	11.1650290640394
ZNRF1_TSS35402	4.59013832863175e-08	0.370394816008832	7.47315451071059e-06	205	201	58	0.664654	0.912066740047847	0.00025948353369791	NA	0.0350992150288605	-0.00025948353369791	199	195	56	0.6626	0.904233422019704
CPNE7_TSS19730	6.96065730375429e-08	0.365714944944644	1.01091682580263e-05	200	180	77	0.607079	1.38269142057416	0.000457642885780241	NA	0.0468177485602994	-0.000457642885780241	194	176	74	0.607079	1.36006592857143
FAM101B_TSS30306	6.73997889364261e-10	0.414100278630886	2.29707467333865e-07	206	204	149	1.69692	2.57768335741627	3.99708909060486e-05	NA	0.0142598238778773	-3.99708909060486e-05	200	198	145	1.69615	2.54926507241379
TLCD2_TSS15440	0.00199746565599598	-0.214648359690743	0.0285554919647166	209	209	209	5.06956	5.29911196172249	0.000188379311782518	NA	0.0284920922394849	0.000188379311782518	203	203	203	5.12235	5.35946502463054
P2RX5_TSS12718	4.3783192464877e-08	0.370921179643017	7.22027214577239e-06	200	182	62	0.599645	1.00296835027033	8.55737496162671e-05	NA	0.0188559572873759	-8.55737496162671e-05	194	176	58	0.595084	0.994767877864529
ATP2A3_TSS26016	1.29026783359803e-11	0.450028621312537	1.49911527702724e-08	209	209	192	3.18073	4.74448931578947	0.00016322952766291	NA	0.0274494076091555	-0.00016322952766291	203	203	186	3.17065	4.66642156157635
ACAP1_TSS17528	3.49556323197307e-10	0.420363540299382	1.37461679649944e-07	209	209	199	4.26146	7.29895793301435	0.000324099788935512	NA	0.0396248364932871	-0.000324099788935512	203	203	194	4.24194	7.15320095073892
HS3ST3B1_TSS7808	2.0020334515562e-05	0.293082146829322	0.00101940193337108	208	196	28	0.365773	0.529076080956938	0.00015408348591343	NA	0.0266116755637377	-0.00015408348591343	202	190	24	0.360581	0.516481117832512
SLFN12L_TSS15211	1.38073561778271e-05	0.298476670681843	0.000772275341928751	204	199	112	1.07289	1.80124513732057	0.000169589797496479	NA	0.0277907196634165	-0.000169589797496479	198	194	108	1.06775	1.77461839802956
PLXDC1_TSS22967	1.42663325565852e-07	0.357469421006887	1.82330863239437e-05	203	138	11	0.170586	0.307492113971292	4.52376157885374e-05	NA	0.0146369455338077	-4.52376157885374e-05	197	134	11	0.170586	0.307097786305419
IKZF3_TSS27733,TSS29524	2.68071452359514e-09	0.400492558315826	7.44801564539297e-07	209	207	138	1.4621	2.46949757607655	0.000361779244785449	NA	0.041843616633307	-0.000361779244785449	203	201	134	1.45399	2.45487865221675
HLF_TSS22427	7.73018726047972e-07	0.33707459518768	7.2643866384236e-05	195	131	13	0.154282	0.305211244497608	9.24711272149105e-05	NA	0.0190617296995188	-9.24711272149105e-05	189	127	12	0.1494	0.299619921182266
MSX2P1_TSS29717	0.000204851336771884	0.256539473820181	0.00589662727390329	99	28	0	0	0.0494584507177033	1.77961268707767e-05	NA	0.0116637640754852	-1.77961268707767e-05	94	25	0	0	0.0464197645320197
PSTPIP2_TSS28471	5.63812740560271e-06	0.311055334476068	0.000373357965322826	209	209	204	4.53493	5.09686786602871	2.90371034288351e-06	NA	0.00618514500620379	-2.90371034288351e-06	203	203	198	4.51031	5.06270208866995
MEX3C_TSS6116	0.00070060217613303	0.234838760772797	0.013936258540184	206	206	199	2.31559	2.44857414832536	0.000179613148586146	NA	0.0278253938635781	-0.000179613148586146	200	200	193	2.30399	2.43031136453202
BCL2_TSS20723	8.31810759164596e-08	0.363689452466314	1.17469142624344e-05	208	206	170	1.81542	2.25534995598086	7.9395985302305e-06	NA	0.010493219464158	-7.9395985302305e-06	202	200	166	1.81331	2.23009378719212
CD226_TSS14812,TSS30052	9.05563487703049e-06	0.304473115171701	0.00055642087281677	205	202	116	1.21365	1.7766807861244	0.000401679480831922	NA	0.044255729351486	-0.000401679480831922	199	196	112	1.14909	1.75540950394089
TNFSF14_TSS27579	1.01082621598181e-06	0.333699690121898	9.06586979182846e-05	204	201	127	1.18979	1.64942039703349	7.44455528957095e-05	NA	0.0179519129959173	-7.44455528957095e-05	198	195	123	1.18979	1.64582094078818
ICAM1_TSS170	1.52063248539894e-05	0.29708580861272	0.000834096286679878	209	209	209	17.0734	18.7117527751196	0.000315271400708471	NA	0.0389306873116388	-0.000315271400708471	203	203	203	16.6991	18.6246986699507
CYP4F22_TSS6115	6.80559200725137e-06	0.308459990466401	0.000437079741953147	188	137	17	0.189949	0.34141741062201	0.000404197782590872	NA	0.0442970209606394	-0.000404197782590872	182	132	16	0.187175	0.337027155270936
JAK3_TSS2274	1.01741276329399e-09	0.410105117048305	3.29190982817186e-07	209	207	159	1.91512	3.17893387751196	0.000149693476414713	NA	0.0261142250668558	-0.000149693476414713	203	201	155	1.8812	3.09937479507389
ZNF507_TSS30693	1.022151697523e-06	0.333558625157969	9.1353914476872e-05	200	158	7	0.216019	0.32349932937799	4.85868593391712e-05	NA	0.0148852137198691	-4.85868593391712e-05	194	153	7	0.213841	0.318830434679803
RELB_TSS28992	0.000133652196632316	0.263651065318722	0.00420207109239683	207	207	204	2.7998	3.364297784689	0.000123301524119619	NA	0.0231743401325116	-0.000123301524119619	201	201	198	2.79205	3.310309591133
IL4I1_TSS24439,TSS29594	2.22409761089233e-07	0.352248224356312	2.60780546018436e-05	208	208	207	5.46152	6.84765942105263	3.52835263057472e-05	NA	0.0139720059084229	-3.52835263057472e-05	202	202	201	5.4601	6.74319920689655
SLA2_TSS26439	3.09307938680081e-11	0.442442485661806	2.63540674020051e-08	207	206	146	1.78232	2.80458343923445	0.000370126277150364	NA	0.0424251021087015	-0.000370126277150364	201	200	141	1.7747	2.77910751625616
PPP1R16B_TSS11572	8.60246069276297e-12	0.453483472813103	1.0470833227034e-08	209	208	163	2.09606	3.41611994497608	3.17802860856322e-05	NA	0.0131021918166911	-3.17802860856322e-05	203	202	159	2.03316	3.37783681527094
PLCG1_TSS1695	6.26014452967204e-12	0.456165381587088	8.4218712801551e-09	209	209	209	4.00441	5.23605277511962	0.000240795370037324	NA	0.033633718325268	-0.000240795370037324	203	203	203	3.96555	5.1463497044335
NFATC2_TSS11321,TSS27718	6.08576246823967e-10	0.41508281234894	2.13448582530314e-07	208	207	152	1.65408	2.52637979569378	3.56533474633796e-05	NA	0.0139720059084229	-3.56533474633796e-05	202	201	147	1.64644	2.49221302610837
CASS4_TSS28755,TSS30185	1.81482096479628e-06	0.326193456693894	0.000144964495878618	206	203	97	0.953591	1.363749345311	0.000292811284023073	NA	0.0376108001553455	-0.000292811284023073	200	197	93	0.945349	1.34074001068966
ZNF831_TSS20169	1.6019233467943e-10	0.427643491688679	8.71207716327852e-08	204	169	27	0.291919	0.507969614210526	0.000321099752381771	NA	0.0394597633203387	-0.000321099752381771	198	164	26	0.289155	0.503180404778325
TMPRSS3_TSS15446,TSS19569,TSS20009	8.44961776675484e-07	0.335959327900972	7.85384289949165e-05	182	145	18	0.204024	0.37252195645933	0.000439557761514503	NA	0.0462838892813971	-0.000439557761514503	177	140	17	0.200708	0.370642275369458
UBASH3A_TSS7178	1.02787819163348e-10	0.431707122827445	6.25561772770082e-08	205	199	121	1.3045	2.02666295167464	4.4781059116353e-05	NA	0.0146369455338077	-4.4781059116353e-05	199	193	117	1.2551	1.99273471871921
ITGB2-AS1_TSS32326	5.52423159787674e-08	0.368321993521644	8.50631830562213e-06	204	197	113	1.1057	2.0268671277512	6.86936035131543e-05	NA	0.0175587719939974	-6.86936035131543e-05	198	191	110	1.1057	1.97514810689655
MIAT_TSS7965	2.27959645149472e-10	0.424373486169987	1.02225903327468e-07	209	207	137	1.58455	3.0678700110048	2.24182380091477e-05	NA	0.0123729780967011	-2.24182380091477e-05	203	201	133	1.54273	3.01329325763548
APOL3_TSS3419,TSS5040	1.61530280177031e-06	0.32770327795384	0.00013233575293606	209	209	209	11.6819	13.1568916746411	0.000342455029130478	NA	0.0403386774175306	-0.000342455029130478	203	203	203	11.6564	13.1186468472906
IL2RB_TSS32311	1.77364520885004e-11	0.447289457521768	1.81344580733664e-08	209	208	192	3.72647	5.833840184689	0.000177911156823479	NA	0.0278253938635781	-0.000177911156823479	203	202	187	3.7261	5.78765550541872
APOBEC3C_TSS16140	5.60212038573756e-05	0.277544392091627	0.0022269953216149	209	209	209	26.6005	28.3055174641148	0.000487586279933246	NA	0.0482119234111547	-0.000487586279933246	203	203	203	26.569	28.2340401477833
APOBEC3G_TSS23486	4.54977014621614e-10	0.41786456828634	1.73577126429001e-07	209	209	209	17.5753	20.5898524401914	0.000303850104771051	NA	0.0384490719210536	-0.000303850104771051	203	203	203	17.3675	20.5684569458128
MEI1_TSS28708	0.00349181985948151	0.203105906058449	0.0409155323409255	204	199	18	0.444608	0.512327905741627	0.000209068489391593	NA	0.030363634416696	-0.000209068489391593	198	193	18	0.435456	0.509312838916256
SCUBE1_TSS3149	3.30988721883159e-07	0.347492293747572	3.56979017723857e-05	189	111	9	0.110735	0.248480788899522	5.28783106493461e-05	NA	0.0154862157264818	-5.28783106493461e-05	183	107	9	0.110137	0.247128290049261
CERK_TSS17622	0.00191027089813198	0.215545587697661	0.027633522596011	209	209	209	7.49052	8.22545325358852	0.000298285863029341	NA	0.0379327609198656	-0.000298285863029341	203	203	203	7.46361	8.17877699507389
MAPK11_TSS16672	3.90282327515297e-08	0.372198104475182	6.66618981302668e-06	203	199	62	0.638078	0.90674814354067	0.000494095621675978	NA	0.0482119234111547	-0.000494095621675978	197	194	60	0.638078	0.905688363054187
P2RY8_TSS20289	9.89108166547705e-13	0.471289084800969	2.29841762228417e-09	208	206	126	1.28026	2.14348618191388	0.000441705853683701	NA	0.0462838892813971	-0.000441705853683701	202	200	122	1.25773	2.11147579812808
CXCR3_TSS967	4.05785004744072e-12	0.459786301671706	5.76237250347958e-09	202	200	156	2.50364	4.13879098803828	3.63909337643064e-05	NA	0.0139720059084229	-3.63909337643064e-05	196	194	151	2.50364	4.07397570197044
GPR174_TSS27218	9.27395851110149e-06	0.304137955808901	0.000564408698814917	191	184	91	0.818488	1.39493388133971	0.000122036555439077	NA	0.0231195041015383	-0.000122036555439077	185	178	87	0.795209	1.37587845418719
P2RY10_TSS25200	1.42338984175551e-06	0.329333835455574	0.000120086940182677	199	195	91	0.874331	1.33818824784689	2.67185880193083e-06	NA	0.00618514500620379	-2.67185880193083e-06	193	190	87	0.856142	1.32001951625616
ITM2A_TSS6954	6.61890287930423e-08	0.366284780483211	9.72647404254727e-06	209	206	158	2.00753	3.40745899043062	0.000399880849818912	NA	0.044248287455503	-0.000399880849818912	203	200	154	1.98509	3.357762
SH2D1A_TSS30904	3.12326102231589e-08	0.374657416226084	5.54400520773726e-06	201	188	76	0.663915	1.12194827703349	0.000443524073217125	NA	0.0462838892813971	-0.000443524073217125	195	183	72	0.657047	1.10395241921182
DDX26B_TSS25422	0.00304404570463397	0.205997964532998	0.0375888175150478	209	209	201	2.27777	2.4835429569378	0.000478926951797067	NA	0.0481962669877355	-0.000478926951797067	203	203	195	2.2766	2.47217506403941
CD40LG_TSS4143	3.88564784765036e-09	0.396726847996518	9.83376679542484e-07	206	206	162	2.58731	4.25902380861244	0.00017454133153139	NA	0.0278253938635781	-0.00017454133153139	200	200	158	2.58731	4.20172177832512
