tracking_ID	pvalue (Lymphocyte)	corr_coef (Lymphocyte)	fdr (Lymphocyte)	fpkm>0_num (Lymphocyte)	fpkm>0.1_num (Lymphocyte)	fpkm>1_num (Lymphocyte)	fpkm_median (Lymphocyte)	fpkm_mean (Lymphocyte)	pvalue (Reticular Abnormality)	corr_coef (Reticular Abnormality)	fdr (Reticular Abnormality)	fpkm>0_num (Reticular Abnormality)	fpkm>0.1_num (Reticular Abnormality)	fpkm>1_num (Reticular Abnormality)	fpkm_median (Reticular Abnormality)	fpkm_mean (Reticular Abnormality)
PNRC2_TSS27984	0.00200349817273836	-0.214587613514399	0.0286257220756653	209	209	209	21.1237	20.9209825358852	0.000149455241277335	0.263065761574751	0.0208336017762531	209	209	209	21.1237	20.9209825358852
CLCC1_TSS29672,TSS3430	0.00285707559273506	-0.207321114006234	0.0360997079712807	209	209	209	4.91165	4.90519215311005	0.0012293606670699	0.225307925330156	0.0467614404925202	209	209	209	4.91165	4.90519215311005
ACBD3_TSS15303	0.00256292660921766	-0.209570817226693	0.0336482729101024	209	209	209	12.8577	12.7343493779904	0.00114947882735695	0.22660808560153	0.0460530224233086	209	209	209	12.8577	12.7343493779904
KBTBD8_TSS6283	2.1764929189149e-05	-0.291853956896118	0.0010908497156938	209	207	192	2.21149	2.41365870861244	0.000112752454393275	0.267704969815792	0.0183815037638322	209	207	192	2.21149	2.41365870861244
ARL13B_TSS9424	0.00346913258405555	-0.203244137872077	0.0407709580465154	208	208	195	1.80863	1.88230983253589	0.0013450077489127	0.223556648843411	0.0487462062076261	208	208	195	1.80863	1.88230983253589
MFSD1_TSS17967	0.00357335432665535	-0.202615729151279	0.0415931283896345	209	209	209	46.8802	47.7807875598086	0.00145488169741068	0.222016155915813	0.0497673473111069	209	209	209	46.8802	47.7807875598086
ATP13A3_TSS22329	0.000501620779178445	-0.240929110626443	0.0111204932667652	209	209	209	7.72449	8.74168507177033	8.12960679543056e-05	0.272986378433299	0.01662407034384	209	209	209	7.72449	8.74168507177033
FYTTD1_TSS21270,TSS23347,TSS5976	0.00137362290290368	-0.222067771987636	0.0221103117261468	209	209	209	14.083	14.4266297607656	0.000476852570248569	0.243005864539289	0.0325035427949965	209	209	209	14.083	14.4266297607656
SLC30A9_TSS34887	0.00169496089252931	-0.217932144372871	0.0256164969794262	209	209	209	9.63814	9.54392937799043	0.000300435490100883	0.251188994489727	0.0263341483533305	209	209	209	9.63814	9.54392937799043
CDS1_TSS30152	0.00328679528007361	-0.204385760556321	0.0394681712400621	205	204	146	1.25089	1.35363733636364	0.000234525442843333	0.255466649982122	0.023642776900078	205	204	146	1.25089	1.35363733636364
MSMO1_TSS1279	0.00391363339105881	-0.2006732479721	0.0438179514274438	209	209	209	17.2428	19.5558519617225	6.55837196444058e-06	0.310432964188687	0.00684628839396081	209	209	209	17.2428	19.5558519617225
DAB2_TSS21540	0.000768575654710074	-0.233122877850303	0.0148217777228866	209	209	209	71.5383	71.2374248803828	0.00110329939250836	0.227398031463381	0.0450961905271766	209	209	209	71.5383	71.2374248803828
SMIM15_TSS8543	0.00209534868603427	-0.21368270495645	0.0294200986998243	209	209	209	11.768	11.6883639712919	0.000913779665392657	0.230995141547516	0.0419599675290076	209	209	209	11.768	11.6883639712919
HMGCR_TSS19222	0.00107380406279691	-0.226819938380696	0.018558752820055	209	209	209	9.52793	10.0689169856459	1.98082335086313e-05	0.294632077011877	0.00978471017506324	209	209	209	9.52793	10.0689169856459
LSM11_TSS14839	0.00209592737891241	-0.213677119101154	0.0294200986998243	209	204	16	0.673095	0.655253024593301	0.000318304740131472	0.250180385309509	0.0270748178890145	209	204	16	0.673095	0.655253024593301
PANK3_TSS3235	0.00172325180515932	-0.21760327714232	0.0258649673468452	209	209	207	6.10987	6.13987061244019	0.000106610919414712	0.268617051945559	0.0183815037638322	209	209	207	6.10987	6.13987061244019
ICK_TSS14403	0.000746215883196157	-0.233671315389762	0.0145106752720535	206	206	180	1.61764	1.66105258373206	0.00063468779477964	0.237799654760675	0.0359543324194447	206	206	180	1.61764	1.66105258373206
CDK19_TSS29946,TSS31310,TSS32145	0.0046690843139501	-0.19685391941347	0.0493371079573702	209	209	208	3.74956	3.83008563157895	0.000693081406132822	0.236174113295158	0.0374212683900553	209	209	208	3.74956	3.83008563157895
AVL9_TSS28940	0.000174357794531909	-0.259247224837715	0.00517176726301933	209	208	208	5.17852	5.23269744641148	9.83481137819612e-05	0.269925091976154	0.0174574731693105	209	208	208	5.17852	5.23269744641148
SYPL1_TSS28973,TSS3672	0.00147828783639074	-0.220631508944656	0.0231819112797446	209	209	209	17.3365	17.4038330143541	0.0013305795857048	0.223767432402558	0.0485415479198649	209	209	209	17.3365	17.4038330143541
LONRF1_TSS2965	0.00307064733799982	-0.205815726003966	0.0378170485660008	209	209	206	3.40027	3.60855979425837	0.000215195026275056	0.256935308901241	0.0230981113663085	209	209	206	3.40027	3.60855979425837
OSGIN2_TSS21485,TSS24347	0.00182063249805603	-0.216507751272394	0.0267608897543475	209	209	209	8.36967	8.27774492822967	0.000110179824219929	0.268081228318568	0.0183815037638322	209	209	209	8.36967	8.27774492822967
ATP6V1C1_TSS18347	0.00473475173334893	-0.196548792067927	0.049784034988125	209	209	209	7.94473	8.15521200956938	0.000757340881251243	0.234525273678278	0.0385625304096873	209	209	209	7.94473	8.15521200956938
ZHX1_TSS13744,TSS16971	0.000400211691967623	-0.24496070168632	0.00944580891817581	209	209	208	4.27167	4.21820440191388	0.00121261867997595	0.225573867203846	0.0467040662999731	209	209	208	4.27167	4.21820440191388
TGFBR1_TSS30414	4.86761644228243e-05	-0.279721479193237	0.00200033993378105	209	209	209	9.48084	10.0737784688995	1.07419856014756e-05	0.303492866255274	0.00798564047022604	209	209	209	9.48084	10.0737784688995
SNX30_TSS7927	0.000126982610191351	-0.264490248264909	0.00404713528566226	209	209	208	6.75024	6.77663726794258	0.00108390746219885	0.227738831049665	0.045050014050837	209	209	208	6.75024	6.77663726794258
IPMK_TSS12532	0.00391134092145633	-0.200685816146516	0.043811474712246	209	208	179	1.89785	1.95732906985646	0.000642624512069134	0.237570800616983	0.0360877357448207	209	208	179	1.89785	1.95732906985646
MINPP1_TSS12604,TSS20554	0.00303350407676245	-0.206070580651846	0.0374948731654376	209	209	209	8.19698	8.42654511961723	0.00128905333898193	0.224385993501363	0.0481717725112822	209	209	209	8.19698	8.42654511961723
FAM111B_TSS35554	0.00200474834979953	-0.214575045339984	0.0286275824409083	208	207	150	1.32136	1.48381726985646	0.000290337304133535	0.251783916310871	0.0262381423976498	208	207	150	1.32136	1.48381726985646
MTMR2_TSS14929	0.00228782094426968	-0.211898024189383	0.0311496383088197	208	208	208	4.06905	4.14482406698565	8.923383073829e-05	0.271493164061024	0.0170990740833504	208	208	208	4.06905	4.14482406698565
SC5D_TSS19193,TSS896	0.00331147374721676	-0.204227946636083	0.0395478594836284	209	209	207	4.521	4.72835077990431	2.31900645792032e-05	0.292301638222429	0.0105850221555181	209	209	207	4.521	4.72835077990431
TM7SF3_TSS30095	0.00227204437647292	-0.212039067035606	0.0310333463741885	209	209	209	13.9018	13.6603640669856	9.09774294955461e-05	0.271181913571816	0.0170990740833504	209	209	209	13.9018	13.6603640669856
DUSP6_TSS30695	0.0034910183786337	-0.203110775576885	0.0409155323409255	209	209	209	24.1362	25.6788074641148	0.00036849528472368	0.247605673984227	0.0289255068800143	209	209	209	24.1362	25.6788074641148
HSP90B1_TSS17287	0.00108516261773057	-0.22661884759004	0.0186786812604788	209	209	209	152.362	155.881259330144	0.00031222970277677	0.250517245016183	0.0269625115968818	209	209	209	152.362	155.881259330144
WSB2_TSS21648,TSS30584	0.0046311450408251	-0.197031968551029	0.0490985891283826	209	209	209	27.6287	27.3273842105263	0.00118723237710193	0.22598361468331	0.04645857937574	209	209	209	27.6287	27.3273842105263
DENR_TSS8457	0.00342053948071146	-0.203542981130412	0.0404678744888068	209	209	209	12.2411	12.1708361244019	0.000187740705959624	0.259248018232443	0.022424486845953	209	209	209	12.2411	12.1708361244019
USP12_TSS14925	0.00293528939608024	-0.206758339085164	0.036706914018203	209	209	207	5.88383	5.89688670334928	0.000209416610240463	0.257398244755442	0.0229674276119071	209	209	207	5.88383	5.89688670334928
GMFB_TSS16353	0.00459318878098286	-0.197211414152413	0.0488176708651572	209	209	209	14.618	15.1578945454545	0.00100485493327745	0.229188706746228	0.0439040274252829	209	209	209	14.618	15.1578945454545
GPR65_TSS31368	0.00422954647685366	-0.199001680774776	0.0462607777042603	209	209	209	11.7168	12.2649607177033	0.0013505741554398	0.223475881311401	0.0487462062076261	209	209	209	11.7168	12.2649607177033
CLMN_TSS35996	9.03961378707427e-05	-0.269992409751756	0.00311781170798777	209	209	206	2.95878	3.03407938755981	0.000775115900407041	0.234091970873005	0.0392331436243651	209	209	206	2.95878	3.03407938755981
SPRED1_TSS416	0.00153197859310196	-0.21993048410501	0.0238192851692697	209	209	209	9.77435	10.2131831578947	3.57842274528456e-05	0.285781137467506	0.0121416524746914	209	209	209	9.77435	10.2131831578947
BLOC1S6_TSS11488,TSS13008,TSS14106,TSS36285	0.00433565090826461	-0.198465438666362	0.0468932806417518	209	209	209	13.534	13.8952835885167	0.000231774207997009	0.255668637606553	0.0235690647821959	209	209	209	13.534	13.8952835885167
CSNK1G1_TSS14333	0.0035533372857138	-0.20273512680823	0.0414167142545055	209	209	207	3.28838	3.22007231100478	0.00079855447202418	0.233534393956307	0.0398668962097853	209	209	207	3.28838	3.22007231100478
ITPRIPL2_TSS17307	0.00105689341917876	-0.227122971030503	0.0184027606863953	209	209	209	7.15889	7.22912291866029	0.000597116843504312	0.238920209383485	0.0353293583157864	209	209	209	7.15889	7.22912291866029
BRCA1_TSS1360,TSS2433,TSS35183,TSS7822	0.000958408788128686	-0.228981664380242	0.0171794439224105	209	209	204	2.24776	2.28043762200957	0.0011980345337852	0.225808290040655	0.0465875841757227	209	209	204	2.24776	2.28043762200957
SEH1L_TSS35104	0.0034461212792255	-0.203385180718301	0.0406677313103799	209	209	209	9.19055	9.06757220095694	0.000834714300389836	0.232703079358549	0.0403117126777923	209	209	209	9.19055	9.06757220095694
LINC00657_TSS22410	0.000238097644277283	-0.253986047380809	0.00658659511403856	209	209	209	17.2944	17.2382983732057	0.000384453084417711	0.246855126918479	0.0292470395559557	209	209	209	17.2944	17.2382983732057
XIAP_TSS26408,TSS28480	0.000746509838533326	-0.233664007582102	0.0145106752720535	209	209	209	7.60187	7.73539406698565	0.000927559885089465	0.23071147021558	0.0422351923101869	209	209	209	7.60187	7.73539406698565
