tracking_ID	pvalue (Macrophage)	corr_coef (Macrophage)	fdr (Macrophage)	fpkm>0_num (Macrophage)	fpkm>0.1_num (Macrophage)	fpkm>1_num (Macrophage)	fpkm_median (Macrophage)	fpkm_mean (Macrophage)	pvalue (Hilar Lymphadenopathy)	corr_coef (Hilar Lymphadenopathy)	fdr (Hilar Lymphadenopathy)	pval_dir (Hilar Lymphadenopathy)	fpkm>0_num (Hilar Lymphadenopathy)	fpkm>0.1_num (Hilar Lymphadenopathy)	fpkm>1_num (Hilar Lymphadenopathy)	fpkm_median (Hilar Lymphadenopathy)	fpkm_mean (Hilar Lymphadenopathy)
TNFRSF25_TSS14993	2.69880522282414e-07	-0.349943715312824	5.31427625333993e-05	206	204	168	2.41287	4.21214826315789	2.95266925788817e-05	NA	0.0123729780967011	-2.95266925788817e-05	200	198	164	2.41287	4.11289273399015
ZNF683_TSS31649	2.08990905377954e-05	-0.292451390192463	0.00136974782881176	202	196	146	2.02632	3.59122206124402	0.000254624815514452	NA	0.0349917468245425	-0.000254624815514452	196	191	141	2.09455	3.61967443596059
LCK_TSS12239,TSS13245	1.50673040215157e-09	-0.40624572122795	2.96257967764586e-06	209	209	202	6.49815	10.9743441435407	8.22877669454499e-05	NA	0.0187799786686843	-8.22877669454499e-05	203	203	197	6.40246	10.8024079655172
RIMS3_TSS9319	1.83474652689008e-06	-0.326051481578711	0.000215921874539889	203	169	6	0.209124	0.28015598645933	8.64726098177699e-05	NA	0.0188559572873759	-8.64726098177699e-05	197	163	5	0.208581	0.276806508226601
IL23R_TSS32594	7.27812737521318e-08	-0.365209205937955	2.48048285117099e-05	164	106	10	0.101894	0.237982161483254	3.99022508345427e-05	NA	0.0142598238778773	-3.99022508345427e-05	160	102	9	0.101404	0.234118082512315
IL12RB2_TSS14387	1.01882492250537e-07	-0.361366673645018	2.95933907319997e-05	202	182	60	0.427339	0.851976265645933	2.10184754158886e-05	NA	0.0123729780967011	-2.10184754158886e-05	196	176	57	0.425147	0.832462785812808
PDE4B_TSS15460,TSS15932,TSS27165,TSS28364,TSS3070,TSS891	4.35874782434712e-07	-0.344152755710559	7.14192007295749e-05	209	209	209	7.59199	8.94947110047847	5.66779167077771e-05	NA	0.0157372102865706	-5.66779167077771e-05	203	203	203	7.58832	8.94915295566502
MCOLN2_TSS20328	0.000370824580098801	-0.246307109397045	0.0123580796504634	207	206	172	1.98249	2.22799292057416	0.000491968193814842	NA	0.0482119234111547	-0.000491968193814842	201	200	168	1.97327	2.22866714482759
GBP5_TSS22297	4.83733396270145e-08	-0.369809323359468	2.09835077021551e-05	209	209	209	22.3408	27.0769605741627	4.1233207073926e-05	NA	0.0143356084598937	-4.1233207073926e-05	203	203	203	21.6961	26.9334249261084
TGFBR3_TSS18765,TSS27510	6.76330983021592e-06	-0.308546332745048	0.000578183821304847	203	159	9	0.210875	0.335963830382775	0.000192873843904556	NA	0.0286630716514206	-0.000192873843904556	197	154	8	0.208128	0.331431577586207
CDC14A_TSS9031	0.000874487161787572	-0.230709701852101	0.0238811606222779	208	207	172	1.6327	1.84768783205742	7.90654666773556e-05	NA	0.0185412146214669	-7.90654666773556e-05	202	201	168	1.63106	1.83846896995074
VCAM1_TSS33181	1.62893171765283e-05	-0.296089914236091	0.00111627677305426	182	143	29	0.225804	0.43603979138756	0.000125507823548481	NA	0.0234168283045455	-0.000125507823548481	177	139	27	0.22404	0.426608116256158
KCNA2_TSS22796,TSS2982	1.22306473464233e-06	-0.331276921892792	0.000152501256986305	199	185	27	0.413888	0.527230886124402	9.35492750207843e-05	NA	0.0191297041504501	-9.35492750207843e-05	193	179	26	0.413888	0.524397045320197
RORC_TSS17590,TSS30208	1.65870600879403e-09	-0.405293716666977	3.02844173505602e-06	203	189	79	0.691258	1.31739192822967	8.90901627387267e-05	NA	0.0188559572873759	-8.90901627387267e-05	197	185	76	0.691258	1.29109206551724
ATP8B2_TSS17424,TSS2604	2.90553481051117e-08	-0.375450588886055	1.54725781857242e-05	208	207	147	1.77171	3.02949454641148	0.000144023098888567	NA	0.0257719679398522	-0.000144023098888567	202	201	143	1.75591	2.98778657241379
SH2D2A_TSS15501,TSS20285	1.16173556105445e-07	-0.35985333308341	3.05315404447583e-05	204	202	154	1.75065	2.99199701722488	0.000234090000834361	NA	0.0331902138646421	-0.000234090000834361	198	196	150	1.74019	2.95327428374384
SLAMF6_TSS3563	2.4189149127779e-06	-0.322433430235501	0.000258838414093012	208	208	197	2.78856	3.63012554066986	5.72575625621479e-05	NA	0.0157372102865706	-5.72575625621479e-05	202	202	191	2.78424	3.58289521182266
SLAMF1_TSS19229	1.22469204076696e-08	-0.384773052928631	8.46063601460655e-06	206	205	132	1.45628	2.25817467703349	1.44103811545934e-05	NA	0.0113954492392685	-1.44103811545934e-05	200	199	128	1.44828	2.22318589408867
ITLN1_TSS17387	3.65624198383961e-05	-0.28409922665317	0.00210964337130754	195	188	78	0.721861	0.952976846411483	0.000364288675618139	NA	0.0419440668354741	-0.000364288675618139	189	182	73	0.712799	0.921745999507389
LY9_TSS34264	5.43636845612453e-07	-0.341444146820015	8.42175843072721e-05	207	202	131	1.42059	2.26430950574163	0.000507604045686289	NA	0.0491472235294971	-0.000507604045686289	201	196	126	1.4132	2.22976234827586
SLAMF7_TSS33865	2.85114414099404e-08	-0.375657665373683	1.54725781857242e-05	208	208	193	4.72702	7.22473119617225	7.1523660597099e-05	NA	0.0179236891031612	-7.1523660597099e-05	202	202	187	4.59414	7.1301602955665
CD84_TSS10719	3.67461222381291e-05	-0.28402318207586	0.00211546763632617	209	209	209	10.9982	12.0963051674641	8.82274583916206e-05	NA	0.0188559572873759	-8.82274583916206e-05	203	203	203	10.9141	11.9698117241379
FASLG_TSS4455	9.09930515344313e-06	-0.304405466143507	0.000727857503161711	196	185	81	0.691387	1.19454288516746	6.58718170926128e-05	NA	0.0173582424402503	-6.58718170926128e-05	191	180	77	0.680145	1.18337840394089
TNFSF4_TSS1981,TSS29487	4.22107749551443e-05	-0.281910761358085	0.00234554264919227	196	174	12	0.264915	0.38012725215311	7.35518543967432e-05	NA	0.0179519129959173	-7.35518543967432e-05	190	169	11	0.264915	0.379128633004926
RGS16_TSS258	2.44513890012244e-05	-0.290133610536632	0.00156250488565074	204	199	123	1.31034	1.81642416842105	0.000264353544977278	NA	0.0353777013778231	-0.000264353544977278	198	193	119	1.31034	1.79354703054187
B3GALT2_TSS25289	4.92551332940537e-08	-0.36960741297859	2.09835077021551e-05	191	141	20	0.172294	0.426204885789474	9.31922934574387e-07	NA	0.00587255904482368	-9.31922934574387e-07	185	136	18	0.170077	0.421950105073892
KIF21B_TSS22875	4.32208787300288e-08	-0.371065029602625	2.00867069312412e-05	209	208	200	2.2737	2.81758580172249	0.000500849413285668	NA	0.0486776116083459	-0.000500849413285668	203	202	194	2.23147	2.79489567763547
PTPN7_TSS11819,TSS26362	1.41162371237879e-09	-0.406889959189458	2.96257967764586e-06	209	208	184	3.07511	4.5467001062201	8.99975270552739e-05	NA	0.0188559572873759	-8.99975270552739e-05	203	202	179	3.06809	4.48017197142857
LAX1_TSS16296,TSS32641	6.22262209455214e-10	-0.414869077881183	2.27223490512639e-06	205	202	86	0.779045	1.27709486220096	6.83525218376199e-05	NA	0.0175587719939974	-6.83525218376199e-05	199	196	83	0.776706	1.25532114384236
TRAF5_TSS34889,TSS35580,TSS8938	1.5857656827556e-07	-0.356234433223168	3.6569749868975e-05	207	207	195	2.10825	2.6493866076555	8.06609326153298e-05	NA	0.0187434008961859	-8.06609326153298e-05	201	201	189	2.10242	2.61991399507389
TRIB2_TSS27688	2.74975748735363e-07	-0.349719938538772	5.36538558276688e-05	205	204	160	1.76701	2.55545684497608	0.000107503006090172	NA	0.0211387769790818	-0.000107503006090172	199	198	156	1.75512	2.52593899310345
RASGRP3_TSS12780,TSS24643,TSS6969	1.93661782555721e-06	-0.325347840061373	0.00022198156161017	209	207	169	1.57884	1.78048691138756	7.90654666773556e-05	NA	0.0185412146214669	-7.90654666773556e-05	203	201	163	1.57884	1.77677130285714
ITPRIPL1_TSS14358,TSS21566,TSS28029,TSS28469	4.61221866129685e-05	-0.280551567884731	0.00248719243040947	198	183	48	0.402094	0.721470768899522	0.000163035071505175	NA	0.0274494076091555	-0.000163035071505175	192	177	47	0.395225	0.709947175862069
ZAP70_TSS22131,TSS35458	8.82991126861264e-09	-0.388228281223394	7.13640856922338e-06	205	205	170	2.76916	4.99797503827751	0.000169598941198738	NA	0.0277907196634165	-0.000169598941198738	199	199	165	2.76389	4.8788358226601
IL18R1_TSS34462	1.70658783168103e-06	-0.326991621928513	0.000203841549371957	200	187	48	0.466638	0.738374816172249	6.0908307276987e-06	NA	0.00915810142533568	-6.0908307276987e-06	195	182	44	0.465426	0.723019426502463
IL18RAP_TSS8155	3.24397354764358e-07	-0.347734815519249	5.71856605871155e-05	203	197	111	1.10431	1.88896787033493	2.83026262543527e-05	NA	0.0123729780967011	-2.83026262543527e-05	197	192	107	1.08891	1.85527316502463
ARHGEF4_TSS18878,TSS33376	0.000842516024215018	-0.231408437088611	0.0233444279781522	156	50	0	0.0338366	0.0724106758373206	0.000179272772772608	NA	0.0278253938635781	-0.000179272772772608	151	47	0	0.0332764	0.0698316977832512
KIF5C_TSS20975,TSS21364	5.39660656025514e-08	-0.368584358828563	2.1553540669794e-05	200	141	8	0.157209	0.260358135837321	3.99413356164035e-05	NA	0.0142598238778773	-3.99413356164035e-05	194	137	8	0.156507	0.258904121133005
SLC4A10_TSS20548	3.14949914278719e-06	-0.318934589124971	0.000326860184527888	178	83	7	0.068266	0.195075268325359	0.000145668482081172	NA	0.0258571671560892	-0.000145668482081172	172	80	7	0.0643919	0.195953318128079
DPP4_TSS16365	5.72911076755611e-09	-0.392736943625971	5.63237693575007e-06	209	206	136	1.81135	3.10097987894737	2.80371366267188e-06	NA	0.00618514500620379	-2.80371366267188e-06	203	200	132	1.80209	3.08701455024631
GPR155_TSS19499	0.000588466075235321	-0.238037642943239	0.0176962133518706	207	207	128	1.10031	1.24539906220096	0.000390903979161697	NA	0.0434430287450093	-0.000390903979161697	201	201	123	1.0985	1.23702282758621
SLC40A1_TSS18329	8.32503175205547e-07	-0.336145798188952	0.000116920954183676	208	204	159	2.12227	3.96547404583732	0.000287442494585743	NA	0.0371076646672028	-0.000287442494585743	202	198	153	2.06438	3.79549850039409
STAT1_TSS30827	4.63581894017105e-07	-0.343399750301003	7.45258917796931e-05	209	209	209	88.5613	98.0402703349282	2.6570963687885e-05	NA	0.0123729780967011	-2.6570963687885e-05	203	203	203	87.7531	97.7697280788177
ANKRD44_TSS3947	0.000191131026763378	-0.25770773469359	0.00732580308318097	209	209	209	9.06907	9.36194038277512	0.000259496775991166	NA	0.0350992150288605	-0.000259496775991166	203	203	203	8.98823	9.30831300492611
CD28_TSS30429	1.09444575804011e-07	-0.360542198385438	3.05315404447583e-05	204	199	66	0.675958	1.10690685741627	3.27906849906393e-05	NA	0.0133041698261227	-3.27906849906393e-05	198	193	62	0.673417	1.06539966600985
MREG_TSS21609	4.02248140935048e-05	-0.282646953948761	0.00225975049020676	207	207	195	2.5546	3.47642358851675	0.000236320477075979	NA	0.0331902138646421	-0.000236320477075979	201	201	189	2.51997	3.41061443349754
TUBA4A_TSS2759,TSS28369	2.90531587713866e-07	-0.34906053819006	5.42657987362476e-05	209	206	172	2.4636	3.81653519617225	0.000122105279672457	NA	0.0231195041015383	-0.000122105279672457	203	200	168	2.44902	3.76418400492611
ARL4C_TSS25821,TSS2669	1.0104020569881e-07	-0.3614621189491	2.95933907319997e-05	209	208	201	4.57039	6.00943908564593	2.3237934771351e-06	NA	0.00618514500620379	-2.3237934771351e-06	203	202	195	4.43754	5.97398915714286
OXNAD1_TSS23692	0.000547233797153663	-0.239357411199061	0.0167845984505126	209	208	207	2.53416	2.94018264114833	0.000197542234619977	NA	0.0291871506307586	-0.000197542234619977	203	202	201	2.48754	2.92408872906404
CCR4_TSS16110	1.44102211757036e-09	-0.406686445035935	2.96257967764586e-06	203	200	125	1.2537	2.2669267645933	0.000188344236757326	NA	0.0284920922394849	-0.000188344236757326	197	194	121	1.24569	2.180489008867
CXCR6_TSS25765	5.46266620892189e-09	-0.393229186051106	5.59536391697811e-06	208	208	193	5.78245	10.9249298133971	0.000342455029130478	NA	0.0403386774175306	-0.000342455029130478	202	202	187	5.77837	10.8095756699507
CCR5_TSS491	1.82409047673162e-08	-0.380510366901929	1.16563941689343e-05	209	209	200	5.23042	6.81950903349282	0.000487586279933246	NA	0.0482119234111547	-0.000487586279933246	203	203	194	5.05365	6.73545979310345
EIF4E3_TSS21924,TSS28591,TSS33154,TSS7334,TSS9072	1.7105287309358e-07	-0.355346738905386	3.76920904236638e-05	209	208	99	0.984549	1.27230340688995	1.52162143863663e-05	NA	0.0113954492392685	-1.52162143863663e-05	203	202	95	0.979907	1.2547565617734
TRAT1_TSS17010	1.14564211640481e-07	-0.36001453118087	3.05315404447583e-05	203	200	136	1.89128	2.75212824066986	1.72304994091721e-05	NA	0.0115902314578381	-1.72304994091721e-05	197	194	132	1.86533	2.72713453349754
CD96_TSS35644	2.45214550743064e-08	-0.37730451609347	1.3935597097662e-05	209	208	165	2.37397	3.97483383205742	1.88879756307333e-05	NA	0.0120698886274294	-1.88879756307333e-05	203	202	161	2.36207	3.90045696502463
SLC9A9_TSS35734	8.65011727967551e-08	-0.363242615176748	2.7988056681745e-05	207	194	45	0.535835	0.705872794354067	8.60606030732241e-05	NA	0.0188559572873759	-8.60606030732241e-05	201	188	44	0.527186	0.697704803054187
GPR171_TSS11719	5.32228424290431e-07	-0.341705283607897	8.29529923980958e-05	205	204	153	1.90962	3.11393261052632	0.000331616604325121	NA	0.0399832642601623	-0.000331616604325121	199	198	149	1.86961	3.03943904236453
ST6GAL1_TSS18437,TSS23896	9.89169989225137e-08	-0.361706148479974	2.94002024355625e-05	209	208	206	3.70036	4.80735480952153	2.6570963687885e-05	NA	0.0123729780967011	-2.6570963687885e-05	203	202	200	3.67524	4.72293987778325
EVC2_TSS12345,TSS34868	3.87771909745805e-06	-0.316145754839799	0.00037687596140732	193	106	3	0.103886	0.192608465885167	0.000144180251766318	NA	0.0257719679398522	-0.000144180251766318	187	102	3	0.103531	0.191796326453202
JAKMIP1_TSS10651,TSS12014	9.07335344256984e-07	-0.335063574749614	0.000124023522644667	198	183	70	0.620221	1.09555498995215	0.00044926798460435	NA	0.0464928702610194	-0.00044926798460435	192	178	68	0.604834	1.09739893743842
RHOH_TSS32015,TSS32437,TSS35929,TSS6305	5.21804267074556e-05	-0.278646862897081	0.00275006987024592	209	209	209	4.87487	5.62597138755981	0.000414642220273974	NA	0.0447201257064264	-0.000414642220273974	203	203	203	4.87487	5.62197226600985
CXCL10_TSS26257	6.51625797583086e-06	-0.309061309170811	0.000562709696352069	209	209	208	25.4222	36.3093927751196	6.33712155310985e-05	NA	0.0168732462519834	-6.33712155310985e-05	203	203	202	25.3256	35.0406111330049
CXCL11_TSS8000	9.12960378781549e-05	-0.269833698321527	0.00427402568535443	204	202	154	1.99269	3.12135048038277	0.00011401551154933	NA	0.0219124097046046	-0.00011401551154933	198	196	149	1.99082	3.00135657832512
CXCL9_TSS34713	2.9219090517357e-07	-0.348992209921415	5.42657987362476e-05	208	208	202	13.1118	20.4912319760766	5.85785978272996e-06	NA	0.00915810142533568	-5.85785978272996e-06	202	202	196	13.0181	19.878035729064
SLC39A8_TSS23619,TSS4194,TSS6504,TSS8299	0.00158405388061294	-0.2192716891264	0.0364446455826708	209	208	199	3.7566	4.93709782009569	0.000177911156823479	NA	0.0278253938635781	-0.000177911156823479	203	202	193	3.68546	4.88483012019704
ELOVL6_TSS32069,TSS794	8.06607807303171e-08	-0.364040244388465	2.64534731658531e-05	199	174	29	0.305799	0.513148875598086	0.000182043063594275	NA	0.0280313418586342	-0.000182043063594275	193	169	27	0.290127	0.505295809852217
INPP4B_TSS1248	4.55814255952397e-05	-0.280732863594051	0.0024684466517795	202	176	34	0.345824	0.539728465741627	4.71317693463633e-05	NA	0.014697046329175	-4.71317693463633e-05	196	170	32	0.340146	0.534531553399015
ANKRD33B_TSS26098	2.64131563502296e-05	-0.288986703242008	0.00164669924260541	205	99	0	0.0902558	0.117781425263158	1.64150583480427e-05	NA	0.0115902314578381	-1.64150583480427e-05	199	95	0	0.0902313	0.115003069359606
OXCT1_TSS11306	0.000105426923828272	-0.267516799028051	0.00474883276433827	203	194	38	0.502368	0.647026571913876	0.000327037012490156	NA	0.0396248364932871	-0.000327037012490156	197	188	35	0.473595	0.634527352364532
EMB_TSS17303	3.28733503243118e-07	-0.34757474696065	5.75531306602558e-05	208	208	184	2.89705	4.19367018660287	6.27331077702861e-05	NA	0.0168732462519834	-6.27331077702861e-05	202	202	178	2.89544	4.11863304926108
GZMK_TSS29633	8.5477971678337e-05	-0.270886888228678	0.00405362232666043	200	196	140	1.83	3.78468942488038	0.000103289055898856	NA	0.0207887524238635	-0.000103289055898856	194	190	135	1.81423	3.75780096945813
GZMA_TSS29553	6.40409336727545e-06	-0.309301263047245	0.000556153031281342	207	206	193	6.85968	13.5977488066986	5.44141113026649e-05	NA	0.0156278550450272	-5.44141113026649e-05	201	200	188	6.76401	13.5644478995074
PDE4D_TSS16039,TSS22359,TSS25408,TSS25617,TSS29920,TSS3013,TSS3508,TSS3690	1.8027889395857e-05	-0.294615171322306	0.00120947737755249	206	177	28	0.293168	0.536165931578947	1.52157860361951e-05	NA	0.0113954492392685	-1.52157860361951e-05	200	172	26	0.292927	0.529098618719212
F2R_TSS19258	4.11303569769521e-08	-0.371616097933286	1.9469130642368e-05	207	203	93	0.826875	1.55786377511962	0.000494171743426413	NA	0.0482119234111547	-0.000494171743426413	201	197	89	0.820898	1.5201539408867
DCANP1_TSS21320	3.60850942585172e-05	-0.284298514242067	0.00209154443161442	189	170	17	0.312419	0.417967681818182	2.08365754408729e-05	NA	0.0123729780967011	-2.08365754408729e-05	183	164	16	0.3116	0.409699283251232
ANXA6_TSS11300,TSS22637	4.60558803205778e-08	-0.370357343963089	2.09835077021551e-05	209	208	206	8.16094	11.7399961521531	2.44107231705189e-05	NA	0.0123729780967011	-2.44107231705189e-05	203	202	200	7.96973	11.545315053202
ITK_TSS1054	5.75433274434669e-08	-0.367863362157552	2.19577223974029e-05	209	208	188	3.50486	5.3292971491866	8.31125216365174e-05	NA	0.0188003465977967	-8.31125216365174e-05	203	202	183	3.50155	5.25191878906404
ADAM19_TSS1594	5.45807465243606e-10	-0.416126825546672	2.27223490512639e-06	209	208	173	2.45939	3.68064251502392	8.97636575681889e-06	NA	0.0105648333277311	-8.97636575681889e-06	203	202	168	2.43976	3.60953788985222
SFXN1_TSS35167	2.96228603718521e-07	-0.348827484575178	5.43991441573288e-05	205	203	193	2.43978	2.80103999569378	2.93705677347588e-05	NA	0.0123729780967011	-2.93705677347588e-05	199	197	187	2.42325	2.77027782807882
BTN3A1_TSS10674	0.000913797736407496	-0.229882093128822	0.0247432033266017	209	209	209	20.7061	21.5988596172249	0.000107509135295201	NA	0.0211387769790818	-0.000107509135295201	203	203	203	20.7061	21.5719244334975
BTN3A3_TSS30613	7.81484993289276e-07	-0.336938314270145	0.000112222123109366	209	209	209	13.0136	13.5065683253589	4.16617017359344e-05	NA	0.0143356084598937	-4.16617017359344e-05	203	203	203	12.952	13.486074137931
HCP5_TSS25393	9.70417504288298e-08	-0.361925901092349	2.94002024355625e-05	209	209	209	16.0145	17.4561983253589	8.21033563957435e-06	NA	0.010493219464158	-8.21033563957435e-06	203	203	203	15.9076	17.3666895073892
NCR3_TSS35424	3.07676133868185e-06	-0.31924612890174	0.000321000394196109	197	187	97	0.853359	1.76900706937799	0.00010839397142852	NA	0.0211500633869038	-0.00010839397142852	191	181	94	0.840465	1.78672871182266
TAP1_TSS30082,TSS4674	7.90447697093416e-11	-0.434087399019032	1.01023167927024e-06	209	209	209	43.5889	47.9095722488038	9.00739445983573e-07	NA	0.00587255904482368	-9.00739445983573e-07	203	203	203	43.4943	47.6720812807882
ITPR3_TSS34335	0.000124120174667827	-0.264863121386557	0.00535918206872352	209	209	197	2.16893	2.62010752631579	0.000455845587227287	NA	0.0468177485602994	-0.000455845587227287	203	203	191	2.16893	2.60834301970443
KCNK5_TSS33854	0.000386266688951123	-0.2455877519508	0.0127398230145544	174	80	1	0.0763944	0.129307228899522	0.000483563706662269	NA	0.0482119234111547	-0.000483563706662269	169	76	1	0.0761521	0.127116949605911
TRERF1_TSS31764	4.83046897399601e-09	-0.394496745157191	5.36833119323096e-06	209	204	85	0.749142	1.22622211334928	9.18011040031732e-05	NA	0.0190617296995188	-9.18011040031732e-05	203	198	81	0.7395	1.21031212162562
RCAN2_TSS18088,TSS31718,TSS8426	5.16475997225407e-07	-0.342074799436822	8.14916232412261e-05	193	162	22	0.267285	0.487840865215311	4.89166289452294e-05	NA	0.0148852137198691	-4.89166289452294e-05	187	158	22	0.270941	0.495314214926108
BACH2_TSS20549	1.16197323452515e-05	-0.300944913022889	0.000878733664133056	200	92	1	0.0815775	0.140160986507177	1.13156151366765e-05	NA	0.0113954492392685	-1.13156151366765e-05	194	88	1	0.0805101	0.137143043103448
CEP85L_TSS30898,TSS32729	6.48665257002763e-05	-0.275253841373686	0.00331610652684953	206	204	79	0.827699	1.04060993444976	7.15219501027954e-05	NA	0.0179236891031612	-7.15219501027954e-05	200	198	76	0.816485	1.03132553842365
THEMIS_TSS11521,TSS3012	4.79457277141586e-06	-0.31327092766971	0.000434588917057308	207	201	112	1.08552	2.03631658038277	2.83089899524138e-05	NA	0.0123729780967011	-2.83089899524138e-05	201	195	108	1.06368	2.01610032167488
TMEM200A_TSS11390,TSS19912,TSS27245	4.14443758293808e-07	-0.344767322415431	6.8345786488697e-05	204	191	75	0.69297	1.02668995717703	2.60109970413973e-05	NA	0.0123729780967011	-2.60109970413973e-05	198	186	72	0.691159	1.0159695179803
ENPP1_TSS1461	1.76450832782303e-05	-0.294927966807246	0.00119319040654721	192	87	0	0.0760613	0.118036372535885	7.86848386312151e-05	NA	0.0185412146214669	-7.86848386312151e-05	186	85	0	0.0789698	0.116519852315271
ZC3H12D_TSS11859	1.51645233130345e-05	-0.297125579671095	0.00106489115495735	208	208	62	0.76351	0.944607248803828	0.000177910203405217	NA	0.0278253938635781	-0.000177910203405217	202	202	58	0.761279	0.932022064039409
SYNE1_TSS17246,TSS33718	2.04996112763428e-06	-0.324605293060283	0.000229820422734473	209	209	74	0.733832	1.00511580861244	7.37115885510358e-05	NA	0.0179519129959173	-7.37115885510358e-05	203	203	70	0.728234	0.997153039408867
TIAM2_TSS16201,TSS8920	3.22851792205005e-06	-0.318603816901782	0.000331422275524182	201	126	8	0.135787	0.266306408878249	0.000251045168190416	NA	0.0346863002384606	-0.000251045168190416	195	122	7	0.135787	0.265049613468172
SOD2_TSS5048	0.000637560324151101	-0.236573382865399	0.0186390776165902	209	209	209	54.7059	62.582723923445	0.000169608085266342	NA	0.0277907196634165	-0.000169608085266342	203	203	203	54.5611	62.2430078817734
CDK6_TSS10640,TSS17533	8.17918033710483e-07	-0.336367516448432	0.000116148904775965	209	205	60	0.662732	0.827723595406699	0.000188379311782518	NA	0.0284920922394849	-0.000188379311782518	203	199	56	0.660712	0.814447790344828
ASNS_TSS17952,TSS20232	9.52257490607462e-05	-0.269157383197067	0.00442557340316679	204	202	162	1.64039	1.68444852966507	0.000279525273600552	NA	0.0364538036658352	-0.000279525273600552	198	196	156	1.61702	1.66785040738916
TCAF2_TSS17748,TSS27449,TSS2942	0.000581179199580393	-0.23826453284466	0.0175389864468411	197	141	2	0.152875	0.226534573588517	4.70639063019795e-05	NA	0.014697046329175	-4.70639063019795e-05	191	135	2	0.151543	0.222873299901478
EPHA1_TSS30610	6.02078143043037e-06	-0.310152538220647	0.000530679979804244	204	177	29	0.323228	0.536256248277512	0.000315240054647303	NA	0.0389306873116388	-0.000315240054647303	198	171	28	0.323228	0.533828354137931
LZTS1_TSS2986	6.69364474426722e-07	-0.338869800762321	9.83311800621922e-05	196	138	12	0.165923	0.329333220669856	7.42936980270444e-05	NA	0.0179519129959173	-7.42936980270444e-05	190	134	12	0.16523	0.329341262807882
DUSP4_TSS11832,TSS35696	3.44639344869794e-07	-0.347004415085634	5.99273897565768e-05	208	198	79	0.698707	1.10442946464115	5.84337404736636e-05	NA	0.0158896259600778	-5.84337404736636e-05	202	192	75	0.675219	1.10193670004926
PDE7A_TSS27686,TSS8654	1.27705183355049e-05	-0.299596449509037	0.000943431269288559	208	208	203	2.44174	2.90904549760766	0.000274407423272138	NA	0.035969887929534	-0.000274407423272138	202	202	197	2.4405	2.88280245812808
MSC-AS1_TSS17897,TSS21334	0.000384741514457878	-0.245657601790647	0.0127059145362504	183	91	0	0.0766999	0.121764672331235	5.62379017397751e-05	NA	0.0157372102865706	-5.62379017397751e-05	177	87	0	0.0738872	0.119332633582404
TMEM2_TSS30800	0.00228354524812765	-0.211936161428314	0.046935425968132	209	209	208	3.42907	3.63520477033493	0.000422212297504084	NA	0.0449673689020912	-0.000422212297504084	203	203	202	3.42489	3.6103235320197
NTRK2_TSS11428,TSS554,TSS8900	2.84161724349637e-07	-0.349326360889021	5.42657987362476e-05	185	92	12	0.0839092	0.256212381818182	1.4944003677465e-06	NA	0.00618514500620379	-1.4944003677465e-06	179	89	11	0.0839092	0.255326614778325
ABCA1_TSS19198	0.000865251145159554	-0.230909108840188	0.0236795337488473	209	209	205	5.8488	6.4192870430622	5.33150887653222e-05	NA	0.0154862157264818	-5.33150887653222e-05	203	203	199	5.7916	6.3298106502463
TRAF1_TSS10088,TSS10913,TSS12784	5.02206164645818e-08	-0.369390289793595	2.10440848762488e-05	209	208	208	3.45725	4.27023429473684	0.000422212297504084	NA	0.0449673689020912	-0.000422212297504084	203	202	202	3.44242	4.21243683546798
FAM102A_TSS27745,TSS28229	1.47439966341074e-08	-0.382795180538145	9.9176657359058e-06	208	208	207	4.33932	6.13919118181818	5.22367986234826e-05	NA	0.0154862157264818	-5.22367986234826e-05	202	202	201	4.33509	6.01787077339901
DBH-AS1_TSS15307	3.83384852413954e-05	-0.283378630336361	0.00217771115834513	171	121	21	0.167591	0.371366221052632	0.000228328372602018	NA	0.0326050364920681	-0.000228328372602018	166	117	20	0.165523	0.364034429064039
IL15RA_TSS18224,TSS18694	5.47255967780809e-09	-0.393210497844788	5.59536391697811e-06	207	207	205	4.67136	5.50811010526316	8.82269435161969e-05	NA	0.0188559572873759	-8.82269435161969e-05	201	201	199	4.67136	5.4816037044335
PRKCQ_TSS12645	5.82810594273558e-07	-0.340585741196405	8.90989697875872e-05	209	207	122	1.2443	1.73623622511962	3.71697665104166e-05	NA	0.0139720059084229	-3.71697665104166e-05	203	201	118	1.24271	1.71418337463054
ZEB1_TSS23011,TSS4728	8.66696371055268e-07	-0.335640225849377	0.000119749329408344	198	165	18	0.252361	0.400887854976077	8.55236394444117e-05	NA	0.0188559572873759	-8.55236394444117e-05	192	160	16	0.252127	0.391821967438424
SPOCK2_TSS25443,TSS27340	8.98566208525929e-09	-0.38804460436087	7.13640856922338e-06	209	208	197	5.26395	8.61235243301435	4.71483040175405e-05	NA	0.014697046329175	-4.71483040175405e-05	203	202	191	5.23378	8.43481472167488
ANKRD22_TSS21907	9.85173769199707e-08	-0.361752640928967	2.94002024355625e-05	200	186	74	0.572189	0.990218796650718	5.59272586689178e-06	NA	0.00915810142533568	-5.59272586689178e-06	194	180	71	0.571633	0.963141130541872
ANO9_TSS22755	4.18167117809471e-06	-0.31512699160994	0.000394419546063759	201	192	69	0.658907	1.07398842200957	2.33810564618259e-05	NA	0.0123729780967011	-2.33810564618259e-05	195	187	66	0.653561	1.05649706896552
CD5_TSS26111	3.54640383651007e-08	-0.373257590611382	1.81299256930068e-05	207	207	206	4.53083	6.59470154066986	1.41000425780527e-05	NA	0.0113954492392685	-1.41000425780527e-05	201	201	200	4.51058	6.46168666009852
CD6_TSS4778	3.31014102154057e-10	-0.420877731899182	2.27223490512639e-06	208	208	208	6.57103	9.70740995215311	0.000361779244785449	NA	0.041843616633307	-0.000361779244785449	202	202	202	6.55119	9.59990866995074
CCND1_TSS13895	2.40378603693951e-07	-0.351324924381506	4.87136701179745e-05	206	196	35	0.493469	0.649185563301435	0.000418403270503229	NA	0.0449361596526598	-0.000418403270503229	200	190	33	0.491512	0.639306299162562
MYO7A_TSS21748,TSS8185	1.12928492086617e-07	-0.360180615298393	3.05315404447583e-05	208	205	105	1.00335	1.57458260555024	0.000342455029130478	NA	0.0403386774175306	-0.000342455029130478	202	199	100	0.972075	1.55207434758621
BIRC3_TSS31006	3.73792478080157e-05	-0.283763813545902	0.00213747416827895	209	208	193	2.55111	3.18610700430622	0.000161670529329493	NA	0.0274494076091555	-0.000161670529329493	203	202	187	2.44378	3.13517267931034
ETS1_TSS21595,TSS35401	1.34291756031906e-07	-0.358173298100143	3.30060728454958e-05	209	209	208	5.38477	8.25492674162679	2.36445651753722e-05	NA	0.0123729780967011	-2.36445651753722e-05	203	203	202	5.38401	8.11115871428571
CRACR2A_TSS16641	3.91260140571999e-05	-0.283069125184188	0.00221261071972585	207	205	117	1.0708	1.35320421578947	9.45700480663283e-05	NA	0.0191849603065351	-9.45700480663283e-05	201	199	113	1.06414	1.34700938472906
CCND2_TSS27869	4.60317461495217e-10	-0.417753456676758	2.27223490512639e-06	208	208	166	1.59757	2.15908054066986	9.91964320118725e-06	NA	0.0105648333277311	-9.91964320118725e-06	202	202	160	1.59332	2.13379168965517
VAMP1_TSS28587	3.980698686522e-06	-0.31579234085956	0.000383964675947882	208	208	195	2.21972	2.75329164593301	2.95274701263161e-05	NA	0.0123729780967011	-2.95274701263161e-05	202	202	189	2.20045	2.73616159605911
C1S_TSS7208	0.000141905216417427	-0.26266526201467	0.00590755576033527	202	197	104	0.993414	1.45051340813397	2.10184754158886e-05	NA	0.0123729780967011	-2.10184754158886e-05	196	191	100	0.953364	1.42321520837438
CLSTN3_TSS25679	1.21648760669756e-09	-0.408354833601936	2.96257967764586e-06	209	208	194	2.75558	3.50686680669856	4.34196753708255e-05	NA	0.0146032937125483	-4.34196753708255e-05	203	202	189	2.75558	3.49478782561576
CLEC2D_TSS13210	1.79687819840853e-07	-0.354768040303598	3.89237318894241e-05	209	209	151	1.65955	2.39925194258373	2.54690670322112e-05	NA	0.0123729780967011	-2.54690670322112e-05	203	203	147	1.65249	2.36116892610837
KLRK1_TSS7227	2.95353926554296e-05	-0.287317490136948	0.00178476163514288	204	204	154	1.96793	3.33737799521531	0.000190159104519733	NA	0.0285920992389935	-0.000190159104519733	198	198	149	1.96266	3.32505233497537
DUSP16_TSS14260	1.18847828716809e-05	-0.300623465220403	0.000896126651867363	209	209	203	2.11792	2.22888489473684	2.19074320615728e-06	NA	0.00618514500620379	-2.19074320615728e-06	203	203	197	2.11792	2.22505035960591
ST8SIA1_TSS20281	1.12185767545889e-07	-0.360256792589126	3.05315404447583e-05	187	79	0	0.070968	0.116426603923445	0.000309991002522708	NA	0.0386520976365021	-0.000309991002522708	182	76	0	0.070968	0.114933876453202
ABCD2_TSS16216	7.7381737460568e-07	-0.337061678595264	0.000111748846962123	195	137	17	0.168501	0.325354091674641	7.23369096254018e-06	NA	0.0102722430385272	-7.23369096254018e-06	189	132	16	0.166133	0.31579791408867
NELL2_TSS16845,TSS21479,TSS24540,TSS5660	6.66519557245631e-08	-0.366205958265863	2.43384377182222e-05	201	189	69	0.5677	1.14070876028708	1.36379698194611e-05	NA	0.0113954492392685	-1.36379698194611e-05	195	183	65	0.558738	1.1246289453202
SLC38A1_TSS10899,TSS19178,TSS5709	2.81372481667766e-06	-0.320434479764023	0.000298429958668455	209	207	131	1.38788	2.13238356363636	0.000166390054054019	NA	0.0277907196634165	-0.000166390054054019	203	201	127	1.3791	2.09357263448276
IL26_TSS30365	7.53493788650315e-06	-0.307045688525713	0.000623302742125913	147	121	27	0.157509	0.537651686124402	0.000222062400858661	NA	0.0318884102716193	-0.000222062400858661	141	117	27	0.157509	0.545775771921182
IFNG_TSS15869	3.50591885894847e-06	-0.317500667186301	0.000351519831150217	204	200	143	2.25826	4.67213829617225	0.000491924532453086	NA	0.0482119234111547	-0.000491924532453086	198	194	139	2.25253	4.72898948719212
RAB3IP_TSS34250,TSS35162,TSS6267	0.00163013957894254	-0.21870497214444	0.0372035694440628	204	188	0	0.217059	0.233933562966507	0.000414602528627915	NA	0.0447201257064264	-0.000414602528627915	198	182	0	0.216755	0.233678860394089
PLXNC1_TSS1135,TSS5112	7.03931057840994e-08	-0.36558761247534	2.4578479142825e-05	209	209	178	2.22571	2.99771364114833	5.22367986234826e-05	NA	0.0154862157264818	-5.22367986234826e-05	203	203	172	2.1798	2.96388399507389
BTBD11_TSS16782,TSS545	0.000121839763845921	-0.265165981076697	0.00526962132599928	190	130	9	0.162221	0.287851940334928	2.02121335613172e-06	NA	0.00618514500620379	-2.02121335613172e-06	184	126	8	0.159388	0.282890877487685
CMKLR1_TSS22814,TSS7058	2.09168978234174e-06	-0.324341741166939	0.000232674867255877	209	208	172	2.14495	3.48928969138756	9.93030972893724e-07	NA	0.00587255904482368	-9.93030972893724e-07	203	202	166	2.10195	3.39936411576355
KLF12_TSS9262	1.58987720109755e-07	-0.356204127340937	3.6569749868975e-05	206	201	30	0.505696	0.619634114354067	8.2285830479315e-05	NA	0.0187799786686843	-8.2285830479315e-05	200	195	28	0.501464	0.608559339408867
SLAIN1_TSS11653,TSS1730,TSS20020	0.000319241159269742	-0.248930044235621	0.0110123121080889	195	181	18	0.342433	0.458287076555024	0.000388279226538479	NA	0.0433397611770746	-0.000388279226538479	189	175	18	0.3239	0.455370275862069
DOCK9_TSS26804,TSS28758	8.25042218072141e-07	-0.336258749000385	0.000116513282520122	208	197	53	0.477498	0.718512407177033	5.53467335452971e-06	NA	0.00915810142533568	-5.53467335452971e-06	202	191	50	0.462307	0.706380591625616
GPR18_TSS2231	8.68266189150767e-06	-0.305063825073117	0.000702333925977303	181	164	40	0.369648	0.65894289138756	6.8232129046619e-05	NA	0.0175587719939974	-6.8232129046619e-05	175	158	37	0.367481	0.643802356157635
GNG2_TSS18014	2.97949226635344e-07	-0.348757941571775	5.43991441573288e-05	209	208	170	2.26327	3.3047382277512	2.24182380091477e-05	NA	0.0123729780967011	-2.24182380091477e-05	203	202	166	2.20995	3.27860573694581
GCH1_TSS30510	1.25282747955287e-05	-0.299870459810848	0.000936274087751311	209	209	204	4.72506	5.4735436937799	0.00017961699415087	NA	0.0278253938635781	-0.00017961699415087	203	203	198	4.7202	5.43678380295566
SYNE2_TSS16945,TSS1711,TSS22406	7.11066925697592e-08	-0.365473267209445	2.4578479142825e-05	209	209	168	2.43776	3.86285644976077	2.62913152131331e-05	NA	0.0123729780967011	-2.62913152131331e-05	203	203	163	2.37108	3.83729851724138
DPF3_TSS24213,TSS35469	0.000929446413328337	-0.229561726258699	0.0250872014478201	203	195	21	0.391423	0.510954900956938	0.000443627122332549	NA	0.0462838892813971	-0.000443627122332549	197	189	20	0.380537	0.509874272413793
TMEM63C_TSS15614	0.000346212622520223	-0.247513227284532	0.0117303461656234	180	85	4	0.0691611	0.160043306172249	0.000198925907677583	NA	0.0292226731387742	-0.000198925907677583	174	82	4	0.0685373	0.158361378275862
TC2N_TSS15706,TSS15930	3.96489357980882e-07	-0.345306089797767	6.62396371199303e-05	207	205	109	1.03737	1.86901702105263	0.000175379998732181	NA	0.0278253938635781	-0.000175379998732181	201	199	105	1.01698	1.83060304630542
ASB2_TSS10290,TSS25101	1.57455844728458e-06	-0.328033390649805	0.00018895440596733	194	170	38	0.354814	0.623911778803828	0.000106117511006748	NA	0.0211387769790818	-0.000106117511006748	188	165	37	0.339292	0.619281058965517
BCL11B_TSS27034	8.44075898695152e-09	-0.388701236620177	7.13640856922338e-06	206	198	73	0.633631	1.15132941727273	9.59488164197256e-06	NA	0.0105648333277311	-9.59488164197256e-06	200	193	69	0.619519	1.13331925128079
GPR132_TSS30533	2.5078731915514e-08	-0.377059617327004	1.3935597097662e-05	206	203	128	1.18441	1.54090603162679	0.0001399006364387	NA	0.0253617033192172	-0.0001399006364387	200	197	123	1.1442	1.51722195374384
RASGRP1_TSS8855	3.20397066758262e-08	-0.374376858950207	1.67136110681794e-05	209	209	163	2.0543	3.19589926794258	1.19656724940342e-05	NA	0.0113954492392685	-1.19656724940342e-05	203	203	159	2.03208	3.16445229064039
DAPK2_TSS33783	9.07296714569997e-09	-0.387942984646524	7.13640856922338e-06	200	183	77	0.59444	1.18065313827751	0.000148158980337636	NA	0.0261142250668558	-0.000148158980337636	194	177	73	0.588366	1.1594908270936
NLRC3_TSS14670	2.5900524944225e-09	-0.40083921225011	3.89437245940786e-06	207	206	130	1.43093	2.4020147384689	4.58488797938796e-06	NA	0.00901494781854889	-4.58488797938796e-06	201	200	126	1.42143	2.36399406571429
ACSM5_TSS28237	0.000140296812653647	-0.262853100349607	0.00586575606476877	200	189	39	0.533727	0.730741840669856	0.000271702373592059	NA	0.0359185776524593	-0.000271702373592059	194	183	35	0.514037	0.713983604433498
PRKCB_TSS17400	1.93210271271241e-05	-0.293603084230761	0.00127944242071611	208	208	158	1.70821	2.24461156937799	6.38430516388627e-07	NA	0.00587255904482368	-6.38430516388627e-07	202	202	152	1.68677	2.21978186206897
IL21R_TSS14281,TSS4541	1.13391088178687e-07	-0.360133412111638	3.05315404447583e-05	205	199	100	0.959957	1.46859268709183	8.95466745575085e-05	NA	0.0188559572873759	-8.95466745575085e-05	199	193	96	0.937375	1.4503610817842
SEPT1_TSS3220	1.30706184976411e-07	-0.358487747581356	3.27547136684514e-05	208	208	196	4.81238	8.13327097129187	1.41001425492121e-05	NA	0.0113954492392685	-1.41001425492121e-05	202	202	190	4.80409	7.89808799507389
NKD1_TSS3837	0.000116861392390176	-0.265846023945943	0.0051007561890575	193	69	1	0.060144	0.0965866702870813	0.000377410011726067	NA	0.0424510766729085	-0.000377410011726067	187	67	1	0.0593947	0.0947709553694581
GNAO1_TSS29948	1.85952253609304e-05	-0.29416295769731	0.00124427370536843	208	194	40	0.645462	0.765754293110048	0.000519057218887557	NA	0.0498782765864092	-0.000519057218887557	202	188	38	0.630119	0.75537039044335
NLRC5_TSS42	5.91592767590881e-08	-0.367551701585264	2.22377981358684e-05	209	209	209	9.59746	11.2534526794258	1.14873421322008e-06	NA	0.00587255904482368	-1.14873421322008e-06	203	203	203	9.5902	11.1650290640394
ZNRF1_TSS35402	3.74457348003889e-06	-0.316616171556342	0.000368134779704901	205	201	58	0.664654	0.912066740047847	0.00025948353369791	NA	0.0350992150288605	-0.00025948353369791	199	195	56	0.6626	0.904233422019704
CPNE7_TSS19730	5.23693774112437e-08	-0.368921133654599	2.12478358096635e-05	200	180	77	0.607079	1.38269142057416	0.000457642885780241	NA	0.0468177485602994	-0.000457642885780241	194	176	74	0.607079	1.36006592857143
FAM101B_TSS30306	1.06905016064681e-07	-0.36081280575789	3.05315404447583e-05	206	204	149	1.69692	2.57768335741627	3.99708909060486e-05	NA	0.0142598238778773	-3.99708909060486e-05	200	198	145	1.69615	2.54926507241379
P2RX5_TSS12718	1.29011779716447e-05	-0.299450692624967	0.000945551403871067	200	182	62	0.599645	1.00296835027033	8.55737496162671e-05	NA	0.0188559572873759	-8.55737496162671e-05	194	176	58	0.595084	0.994767877864529
ATP2A3_TSS26016	4.38224974196668e-09	-0.395496569006545	5.33403265021002e-06	209	209	192	3.18073	4.74448931578947	0.00016322952766291	NA	0.0274494076091555	-0.00016322952766291	203	203	186	3.17065	4.66642156157635
ACAP1_TSS17528	2.24064012151262e-08	-0.378285514807585	1.36364290823772e-05	209	209	199	4.26146	7.29895793301435	0.000324099788935512	NA	0.0396248364932871	-0.000324099788935512	203	203	194	4.24194	7.15320095073892
HS3ST3B1_TSS7808	3.15372208189209e-07	-0.348074658885327	5.59807570383637e-05	208	196	28	0.365773	0.529076080956938	0.00015408348591343	NA	0.0266116755637377	-0.00015408348591343	202	190	24	0.360581	0.516481117832512
SLC46A1_TSS5717	8.15699672328725e-05	-0.271632756952517	0.00395776241429183	209	207	205	4.94238	5.50068923075537	9.38450440637613e-06	NA	0.0105648333277311	-9.38450440637613e-06	203	201	199	4.91996	5.45232236072844
SLFN12L_TSS15211	1.84242000388071e-07	-0.354473490299562	3.95748720329368e-05	204	199	112	1.07289	1.80124513732057	0.000169589797496479	NA	0.0277907196634165	-0.000169589797496479	198	194	108	1.06775	1.77461839802956
PLXDC1_TSS22967	9.29323826520721e-08	-0.362422086153592	2.86198148550556e-05	203	138	11	0.170586	0.307492113971292	4.52376157885374e-05	NA	0.0146369455338077	-4.52376157885374e-05	197	134	11	0.170586	0.307097786305419
IKZF3_TSS27733,TSS29524	1.52923829567762e-07	-0.356658920554259	3.61933889590885e-05	209	207	138	1.4621	2.46949757607655	0.000361779244785449	NA	0.041843616633307	-0.000361779244785449	203	201	134	1.45399	2.45487865221675
HLF_TSS22427	2.23190268210974e-06	-0.323491486364991	0.000243801984860713	195	131	13	0.154282	0.305211244497608	9.24711272149105e-05	NA	0.0190617296995188	-9.24711272149105e-05	189	127	12	0.1494	0.299619921182266
PSTPIP2_TSS28471	3.82386722016338e-07	-0.345745919933553	6.51612466763975e-05	209	209	204	4.53493	5.09686786602871	2.90371034288351e-06	NA	0.00618514500620379	-2.90371034288351e-06	203	203	198	4.51031	5.06270208866995
MEX3C_TSS6116	2.57984855082232e-05	-0.289337153831181	0.00162823478537208	206	206	199	2.31559	2.44857414832536	0.000179613148586146	NA	0.0278253938635781	-0.000179613148586146	200	200	193	2.30399	2.43031136453202
BCL2_TSS20723	1.10900345148743e-07	-0.360389783467714	3.05315404447583e-05	208	206	170	1.81542	2.25534995598086	7.9395985302305e-06	NA	0.010493219464158	-7.9395985302305e-06	202	200	166	1.81331	2.23009378719212
CD226_TSS14812,TSS30052	2.29351298042872e-06	-0.323133874409219	0.00024840883598618	205	202	116	1.21365	1.7766807861244	0.000401679480831922	NA	0.044255729351486	-0.000401679480831922	199	196	112	1.14909	1.75540950394089
TNFSF14_TSS27579	9.38289232230452e-09	-0.38758970909664	7.13640856922338e-06	204	201	127	1.18979	1.64942039703349	7.44455528957095e-05	NA	0.0179519129959173	-7.44455528957095e-05	198	195	123	1.18979	1.64582094078818
ICAM1_TSS170	2.68969960490591e-05	-0.288716218568192	0.00166468308961259	209	209	209	17.0734	18.7117527751196	0.000315271400708471	NA	0.0389306873116388	-0.000315271400708471	203	203	203	16.6991	18.6246986699507
CYP4F22_TSS6115	1.89353156276218e-05	-0.293898091631176	0.00126331438606359	188	137	17	0.189949	0.34141741062201	0.000404197782590872	NA	0.0442970209606394	-0.000404197782590872	182	132	16	0.187175	0.337027155270936
JAK3_TSS2274	1.01847643221445e-08	-0.386725450439686	7.23146557884269e-06	209	207	159	1.91512	3.17893387751196	0.000149693476414713	NA	0.0261142250668558	-0.000149693476414713	203	201	155	1.8812	3.09937479507389
ZNF507_TSS30693	1.06393652486222e-06	-0.333050779771694	0.00013875143628573	200	158	7	0.216019	0.32349932937799	4.85868593391712e-05	NA	0.0148852137198691	-4.85868593391712e-05	194	153	7	0.213841	0.318830434679803
RELB_TSS28992	1.90280520572153e-05	-0.293826647878491	0.00126331438606359	207	207	204	2.7998	3.364297784689	0.000123301524119619	NA	0.0231743401325116	-0.000123301524119619	201	201	198	2.79205	3.310309591133
IL4I1_TSS24439,TSS29594	1.20603180725949e-05	-0.300414297051082	0.000906687618392933	208	208	207	5.46152	6.84765942105263	3.52835263057472e-05	NA	0.0139720059084229	-3.52835263057472e-05	202	202	201	5.4601	6.74319920689655
SLA2_TSS26439	3.15850184180542e-06	-0.318896507542611	0.000326860184527888	207	206	146	1.78232	2.80458343923445	0.000370126277150364	NA	0.0424251021087015	-0.000370126277150364	201	200	141	1.7747	2.77910751625616
PPP1R16B_TSS11572	1.30910869185576e-09	-0.407633203417779	2.96257967764586e-06	209	208	163	2.09606	3.41611994497608	3.17802860856322e-05	NA	0.0131021918166911	-3.17802860856322e-05	203	202	159	2.03316	3.37783681527094
PLCG1_TSS1695	3.80773980020942e-08	-0.372471336927693	1.89902068899956e-05	209	209	209	4.00441	5.23605277511962	0.000240795370037324	NA	0.033633718325268	-0.000240795370037324	203	203	203	3.96555	5.1463497044335
NFATC2_TSS11321,TSS27718	4.08148542619266e-08	-0.371701598064592	1.9469130642368e-05	208	207	152	1.65408	2.52637979569378	3.56533474633796e-05	NA	0.0139720059084229	-3.56533474633796e-05	202	201	147	1.64644	2.49221302610837
CASS4_TSS28755,TSS30185	2.00199752297353e-06	-0.324914617308015	0.000225431976584698	206	203	97	0.953591	1.363749345311	0.000292811284023073	NA	0.0376108001553455	-0.000292811284023073	200	197	93	0.945349	1.34074001068966
ZNF831_TSS20169	3.8156469956296e-07	-0.345772033852902	6.51612466763975e-05	204	169	27	0.291919	0.507969614210526	0.000321099752381771	NA	0.0394597633203387	-0.000321099752381771	198	164	26	0.289155	0.503180404778325
TMPRSS3_TSS15446,TSS19569,TSS20009	5.69009270824394e-05	-0.277301900261984	0.0029622089555076	182	145	18	0.204024	0.37252195645933	0.000439557761514503	NA	0.0462838892813971	-0.000439557761514503	177	140	17	0.200708	0.370642275369458
UBASH3A_TSS7178	6.46585206737203e-07	-0.339299841284146	9.60893283105212e-05	205	199	121	1.3045	2.02666295167464	4.4781059116353e-05	NA	0.0146369455338077	-4.4781059116353e-05	199	193	117	1.2551	1.99273471871921
ITGB2-AS1_TSS32326	6.23006760064059e-08	-0.366968586531982	2.30792402811557e-05	204	197	113	1.1057	2.0268671277512	6.86936035131543e-05	NA	0.0175587719939974	-6.86936035131543e-05	198	191	110	1.1057	1.97514810689655
MIAT_TSS7965	2.09128654485612e-09	-0.402985486695467	3.34096096081671e-06	209	207	137	1.58455	3.0678700110048	2.24182380091477e-05	NA	0.0123729780967011	-2.24182380091477e-05	203	201	133	1.54273	3.01329325763548
APOL3_TSS3419,TSS5040	2.29952638042357e-07	-0.351852236023263	4.74017692016185e-05	209	209	209	11.6819	13.1568916746411	0.000342455029130478	NA	0.0403386774175306	-0.000342455029130478	203	203	203	11.6564	13.1186468472906
IL2RB_TSS32311	4.32773165883533e-09	-0.395624858817062	5.33403265021002e-06	209	208	192	3.72647	5.833840184689	0.000177911156823479	NA	0.0278253938635781	-0.000177911156823479	203	202	187	3.7261	5.78765550541872
APOBEC3C_TSS16140	0.000399008122900391	-0.245014015724731	0.0130089880477766	209	209	209	26.6005	28.3055174641148	0.000487586279933246	NA	0.0482119234111547	-0.000487586279933246	203	203	203	26.569	28.2340401477833
APOBEC3G_TSS23486	9.02934284132738e-06	-0.304513993169773	0.000725783120651475	209	209	209	17.5753	20.5898524401914	0.000303850104771051	NA	0.0384490719210536	-0.000303850104771051	203	203	203	17.3675	20.5684569458128
SCUBE1_TSS3149	0.000717957841382981	-0.234386516390528	0.0205967681072844	189	111	9	0.110735	0.248480788899522	5.28783106493461e-05	NA	0.0154862157264818	-5.28783106493461e-05	183	107	9	0.110137	0.247128290049261
CERK_TSS17622	1.75728605533778e-06	-0.326611913031302	0.000208920878420879	209	209	209	7.49052	8.22545325358852	0.000298285863029341	NA	0.0379327609198656	-0.000298285863029341	203	203	203	7.46361	8.17877699507389
MAPK11_TSS16672	6.41857299119737e-06	-0.309270063431895	0.000556153031281342	203	199	62	0.638078	0.90674814354067	0.000494095621675978	NA	0.0482119234111547	-0.000494095621675978	197	194	60	0.638078	0.905688363054187
P2RY8_TSS20289	1.14247253848881e-06	-0.332145805564304	0.000144568022556003	208	206	126	1.28026	2.14348618191388	0.000441705853683701	NA	0.0462838892813971	-0.000441705853683701	202	200	122	1.25773	2.11147579812808
CXCR3_TSS967	9.20580895457833e-08	-0.36253036858717	2.86198148550556e-05	202	200	156	2.50364	4.13879098803828	3.63909337643064e-05	NA	0.0139720059084229	-3.63909337643064e-05	196	194	151	2.50364	4.07397570197044
GPR174_TSS27218	2.42018625907554e-06	-0.322426507782247	0.000258838414093012	191	184	91	0.818488	1.39493388133971	0.000122036555439077	NA	0.0231195041015383	-0.000122036555439077	185	178	87	0.795209	1.37587845418719
P2RY10_TSS25200	1.05731052708223e-06	-0.333130025752482	0.000138594432732045	199	195	91	0.874331	1.33818824784689	2.67185880193083e-06	NA	0.00618514500620379	-2.67185880193083e-06	193	190	87	0.856142	1.32001951625616
ITM2A_TSS6954	3.1493409506245e-07	-0.348091392338872	5.59807570383637e-05	209	206	158	2.00753	3.40745899043062	0.000399880849818912	NA	0.044248287455503	-0.000399880849818912	203	200	154	1.98509	3.357762
SH2D1A_TSS30904	2.83717387286643e-07	-0.349345116150687	5.42657987362476e-05	201	188	76	0.663915	1.12194827703349	0.000443524073217125	NA	0.0462838892813971	-0.000443524073217125	195	183	72	0.657047	1.10395241921182
STK26_TSS12422,TSS32181	0.00120898062926712	-0.224543851027742	0.0300318307723002	207	206	149	1.40876	1.62487549665072	0.000128200744095887	NA	0.0237459363756156	-0.000128200744095887	201	200	143	1.40373	1.60457654581281
DDX26B_TSS25422	4.0341083437818e-06	-0.315612456233944	0.000387653546524085	209	209	201	2.27777	2.4835429569378	0.000478926951797067	NA	0.0481962669877355	-0.000478926951797067	203	203	195	2.2766	2.47217506403941
CD40LG_TSS4143	5.52209798988064e-10	-0.416015151443799	2.27223490512639e-06	206	206	162	2.58731	4.25902380861244	0.00017454133153139	NA	0.0278253938635781	-0.00017454133153139	200	200	158	2.58731	4.20172177832512
