tracking_ID	pvalue (Macrophage)	corr_coef (Macrophage)	fdr (Macrophage)	fpkm>0_num (Macrophage)	fpkm>0.1_num (Macrophage)	fpkm>1_num (Macrophage)	fpkm_median (Macrophage)	fpkm_mean (Macrophage)	pvalue (Bronchial Wall Thickening)	corr_coef (Bronchial Wall Thickening)	fdr (Bronchial Wall Thickening)	fpkm>0_num (Bronchial Wall Thickening)	fpkm>0.1_num (Bronchial Wall Thickening)	fpkm>1_num (Bronchial Wall Thickening)	fpkm_median (Bronchial Wall Thickening)	fpkm_mean (Bronchial Wall Thickening)
MEGF6_TSS26120	0.00161402405807255	-0.218901461466702	0.0369347081006199	208	193	25	0.393853	0.500295341291866	0.000892515736990749	0.23144068382389	0.047927720069791	208	193	25	0.393853	0.500295341291866
SLC2A5_TSS22535	6.66580183745995e-05	-0.27482594008972	0.00338736701326667	185	156	21	0.23489	0.426866288516746	0.000324563311073039	0.249839538346646	0.027755263846762	185	156	21	0.23489	0.426866288516746
PIK3CD_TSS8483	4.95866892677317e-05	-0.279435426895421	0.00263510470763511	209	209	209	12.5252	14.2385297607655	0.000511968598830551	0.241722502938028	0.0356937100382748	209	209	209	12.5252	14.2385297607655
SNHG3_TSS5169	0.0015612619450718	-0.219557552291139	0.0361153091203441	209	208	203	4.07312	4.2354787569378	4.23523817189222e-05	0.283204104735059	0.00873039700901105	209	208	203	4.07312	4.2354787569378
LCK_TSS12239,TSS13245	1.50673040215157e-09	-0.40624572122795	2.96257967764586e-06	209	209	202	6.49815	10.9743441435407	0.000446263593889258	0.244197194111029	0.0329680454433622	209	209	202	6.49815	10.9743441435407
LRP8_TSS2911	6.81452579856587e-05	-0.274478838509745	0.00344922958291371	208	207	93	0.957771	1.08099998133971	5.57961460284297e-05	0.278933047928254	0.0100614692500795	208	207	93	0.957771	1.08099998133971
IL12RB2_TSS14387	1.01882492250537e-07	-0.361366673645018	2.95933907319997e-05	202	182	60	0.427339	0.851976265645933	0.000518069184468525	0.241507894961936	0.0356937100382748	202	182	60	0.427339	0.851976265645933
PDE4B_TSS15460,TSS15932,TSS27165,TSS28364,TSS3070,TSS891	4.35874782434712e-07	-0.344152755710559	7.14192007295749e-05	209	209	209	7.59199	8.94947110047847	1.4799396078217e-05	0.298889385291439	0.00556304945816625	209	209	209	7.59199	8.94947110047847
LPAR3_TSS31752	0.00018460626715033	0.258291021120048	0.00714957696155999	204	201	146	1.77051	2.30095476937799	0.000887627209202009	-0.231544492440546	0.047866327203402	204	201	146	1.77051	2.30095476937799
GBP5_TSS22297	4.83733396270145e-08	-0.369809323359468	2.09835077021551e-05	209	209	209	22.3408	27.0769605741627	0.000325189927888748	0.249805749275122	0.027755263846762	209	209	209	22.3408	27.0769605741627
GFI1_TSS13114,TSS14018,TSS17395	4.98478108474187e-07	-0.3425104282008	7.91403660292466e-05	203	199	90	0.875283	1.49110776315789	1.55233969518104e-05	0.298196448036091	0.0055643611685874	203	199	90	0.875283	1.49110776315789
FAM212B_TSS23351,TSS35432	0.000722802594265998	0.234262074594403	0.0206893136752891	209	209	207	3.45787	3.45379391866029	0.000793048971398384	-0.233663995532364	0.0453616396416431	209	209	207	3.45787	3.45379391866029
OLFML3_TSS7201	0.000601129465395546	-0.23764945088212	0.0179503157301116	167	120	12	0.123717	0.316471566507177	3.31250635152322e-05	0.286953619805139	0.00789902562535361	167	120	12	0.123717	0.316471566507177
FAM46C_TSS1048	2.02226922874974e-07	-0.3533747547391	4.23698555377641e-05	207	203	81	0.723954	1.12093063444976	0.000362666201864724	0.247887373943527	0.0292774806893608	207	203	81	0.723954	1.12093063444976
RORC_TSS17590,TSS30208	1.65870600879403e-09	-0.405293716666977	3.02844173505602e-06	203	189	79	0.691258	1.31739192822967	0.000846398615476601	0.232441538012948	0.0467429838148191	203	189	79	0.691258	1.31739192822967
CD5L_TSS11670	4.17252616859732e-05	0.28208767928241	0.00232361528094806	209	209	207	6.71135	7.14850135406699	8.90608117521562e-06	-0.306149862650988	0.00416391766825873	209	209	207	6.71135	7.14850135406699
PYHIN1_TSS13031	1.84996246329313e-06	-0.325944050612606	0.000215921874539889	202	198	99	0.885633	1.41337003205742	4.87679893410051e-06	0.31451714000064	0.00345894444450888	202	198	99	0.885633	1.41337003205742
FCRL6_TSS1525,TSS35367	0.00106247937982004	-0.227022383253995	0.0273494818001812	206	204	147	1.38423	1.78043263875598	0.000603863754147563	0.238714272102505	0.0386272841026212	206	204	147	1.38423	1.78043263875598
SLAMF6_TSS3563	2.4189149127779e-06	-0.322433430235501	0.000258838414093012	208	208	197	2.78856	3.63012554066986	8.29447094461302e-05	0.272665319946071	0.0130070534855984	208	208	197	2.78856	3.63012554066986
SLAMF1_TSS19229	1.22469204076696e-08	-0.384773052928631	8.46063601460655e-06	206	205	132	1.45628	2.25817467703349	0.000205967441287035	0.257680281385417	0.021143509103365	206	205	132	1.45628	2.25817467703349
CD48_TSS29749	2.9965613377903e-09	-0.399367574593445	4.25528357529211e-06	209	209	209	19.966	26.9365433014354	2.07391671023352e-05	0.293955165516313	0.00646480305247305	209	209	209	19.966	26.9365433014354
CD244_TSS25286	1.79006896351366e-05	-0.29471840514687	0.00120410402043086	203	200	90	0.839825	1.19234838373206	4.2295874421405e-06	0.316458796841179	0.00324424953446904	203	200	90	0.839825	1.19234838373206
LY9_TSS34264	5.43636845612453e-07	-0.341444146820015	8.42175843072721e-05	207	202	131	1.42059	2.26430950574163	0.000514260847512314	0.241641589547701	0.0356937100382748	207	202	131	1.42059	2.26430950574163
SLAMF7_TSS33865	2.85114414099404e-08	-0.375657665373683	1.54725781857242e-05	208	208	193	4.72702	7.22473119617225	0.000535042460879289	0.240922876831822	0.0362154534069522	208	208	193	4.72702	7.22473119617225
CD84_TSS10719	3.67461222381291e-05	-0.28402318207586	0.00211546763632617	209	209	209	10.9982	12.0963051674641	3.81304528487314e-05	0.284812933308026	0.00832858924536602	209	209	209	10.9982	12.0963051674641
PVRL4_TSS17869	0.00012945959665245	-0.264173878150683	0.00552343313449371	201	137	2	0.147953	0.195467274401914	0.000937761223068622	0.230503957265278	0.0493212235038211	201	137	2	0.147953	0.195467274401914
HSPA7_TSS10980	0.00077215929628967	-0.233036349122182	0.0218815562887586	208	206	188	2.60873	3.76194343971292	3.58391418849328e-05	0.285757800882625	0.0079659504845284	208	206	188	2.60873	3.76194343971292
FCGR2B_TSS1648	0.00201412169275344	-0.214481040821719	0.0430757460108026	209	208	205	4.74621	5.98402158229665	1.35908918954357e-06	0.331475346164431	0.00231597858492821	209	208	205	4.74621	5.98402158229665
UCK2_TSS7806	0.000215997763850592	-0.255642903728657	0.00809548217270527	206	196	12	0.377638	0.451775816746411	3.27294037182565e-05	0.287135612641508	0.00789241781549392	206	196	12	0.377638	0.451775816746411
GPA33_TSS1559	0.000167179774338361	0.259948713537001	0.00665620282221628	209	209	209	40.1054	42.9696586602871	1.72417996800978e-05	-0.296666978005988	0.00595564380571595	209	209	209	40.1054	42.9696586602871
FASLG_TSS4455	9.09930515344313e-06	-0.304405466143507	0.000727857503161711	196	185	81	0.691387	1.19454288516746	7.94394964447302e-05	0.273355324675915	0.0126121302398991	196	185	81	0.691387	1.19454288516746
QSOX1_TSS3954	0.000129173917906091	0.264210075850547	0.0055214289558488	209	209	209	122.682	127.563468899522	5.17318394729905e-05	-0.280111738306365	0.00958840615995742	209	209	209	122.682	127.563468899522
RGL1_TSS21741,TSS9460	0.000318321684185818	-0.248980279531853	0.0110073182490773	207	206	102	0.978164	1.50499364880383	3.63672476858329e-06	0.318503481988992	0.00320545937275026	207	206	102	0.978164	1.50499364880383
NR5A2_TSS34731,TSS5566	0.000942925727551825	-0.229289723666115	0.0252642814695516	136	30	0	0.0149196	0.0481336749760766	2.32132371209004e-07	0.353376154074299	0.000612638734948525	136	30	0	0.0149196	0.0481336749760766
PTPN7_TSS11819,TSS26362	1.41162371237879e-09	-0.406889959189458	2.96257967764586e-06	209	208	184	3.07511	4.5467001062201	1.58913330975658e-05	0.297855936381721	0.0055643611685874	209	208	184	3.07511	4.5467001062201
CHIT1_TSS23928	0.000251139514064558	-0.253074315031523	0.00906691683475164	206	205	153	2.38222	21.1433327813397	0.00016229468073296	0.261692782213258	0.0192056219176629	206	205	153	2.38222	21.1433327813397
LAX1_TSS16296,TSS32641	6.22262209455214e-10	-0.414869077881183	2.27223490512639e-06	205	202	86	0.779045	1.27709486220096	3.03951813045342e-05	0.288253476565086	0.00786407552637918	205	202	86	0.779045	1.27709486220096
CD55_TSS22160	0.00058056805361595	0.238283681263214	0.0175389864468411	209	209	209	35.3043	35.4187440191388	0.000946878272985256	-0.230320249639145	0.049698471326029	209	209	209	35.3043	35.4187440191388
TRAF3IP3_TSS9082,TSS9474	5.17579299146809e-08	-0.369052722525142	2.12478358096635e-05	205	205	188	4.12	6.55824513397129	9.44061670165158e-05	0.270585826012978	0.0140297443901695	205	205	188	4.12	6.55824513397129
TRAF5_TSS34889,TSS35580,TSS8938	1.5857656827556e-07	-0.356234433223168	3.6569749868975e-05	207	207	195	2.10825	2.6493866076555	0.000125168103164149	0.265995081198811	0.0161483033856943	207	207	195	2.10825	2.6493866076555
FAM89A_TSS4251	0.000433454139982734	0.243543996918108	0.0139189965729883	209	209	209	52.2642	52.008809569378	3.26017838089872e-05	-0.287194756976632	0.00789241781549392	209	209	209	52.2642	52.008809569378
TRIB2_TSS27688	2.74975748735363e-07	-0.349719938538772	5.36538558276688e-05	205	204	160	1.76701	2.55545684497608	0.000851818543669941	0.232321345119632	0.0467429838148191	205	204	160	1.76701	2.55545684497608
RASGRP3_TSS12780,TSS24643,TSS6969	1.93661782555721e-06	-0.325347840061373	0.00022198156161017	209	207	169	1.57884	1.78048691138756	1.52541827513477e-05	0.298450468766076	0.0055643611685874	209	207	169	1.57884	1.78048691138756
DYSF_TSS10947,TSS28868	3.86827694426931e-06	-0.316178604745573	0.00037687596140732	208	208	147	1.67572	2.74688610047847	0.000371419191017011	0.247465925179914	0.0296466478260279	208	208	147	1.67572	2.74688610047847
ZAP70_TSS22131,TSS35458	8.82991126861264e-09	-0.388228281223394	7.13640856922338e-06	205	205	170	2.76916	4.99797503827751	0.000598377262627004	0.23888157464055	0.0385339741590148	205	205	170	2.76916	4.99797503827751
CHST10_TSS11758	2.93806213903199e-05	-0.287396220993495	0.00177961626388144	186	146	3	0.16989	0.227184541244019	0.000869765949821029	0.231928304978021	0.0472018841685251	186	146	3	0.16989	0.227184541244019
IL18R1_TSS34462	1.70658783168103e-06	-0.326991621928513	0.000203841549371957	200	187	48	0.466638	0.738374816172249	5.05497691308107e-05	0.280470921745855	0.00950075477024009	200	187	48	0.466638	0.738374816172249
SLC20A1_TSS28706	5.64670716545296e-06	-0.311034462234739	0.000499430733066239	209	209	209	8.36027	8.53118205741627	0.000220067206979314	0.256553891345066	0.0219731948343681	209	209	209	8.36027	8.53118205741627
ARHGEF4_TSS18878,TSS33376	0.000842516024215018	-0.231408437088611	0.0233444279781522	156	50	0	0.0338366	0.0724106758373206	0.000799263528546105	0.233517762360647	0.0455010580248708	156	50	0	0.0338366	0.0724106758373206
KIF5C_TSS20975,TSS21364	5.39660656025514e-08	-0.368584358828563	2.1553540669794e-05	200	141	8	0.157209	0.260358135837321	0.000173787608013474	0.260547274248925	0.0194073045436149	200	141	8	0.157209	0.260358135837321
CYBRD1_TSS22715,TSS9625	0.00184960323668106	-0.216192147702632	0.0405817238908194	204	202	100	0.968177	1.41495529090909	0.000178590143308879	0.260089433900812	0.0197616565070055	204	202	100	0.968177	1.41495529090909
CDCA7_TSS9501	7.28408827834089e-06	-0.307516864190972	0.00061195006658232	203	190	53	0.586259	0.889375975598086	0.000247236085278423	0.254561213463263	0.0237579006609089	203	190	53	0.586259	0.889375975598086
ITGA4_TSS24112	3.21919434124954e-05	-0.2860235270018	0.00188728959992384	209	209	209	9.92245	11.0818024880383	0.000390704909705583	0.246568939408082	0.0307286406061059	209	209	209	9.92245	11.0818024880383
SLC40A1_TSS18329	8.32503175205547e-07	-0.336145798188952	0.000116920954183676	208	204	159	2.12227	3.96547404583732	2.26056033472747e-07	0.353692502648258	0.000612638734948525	208	204	159	2.12227	3.96547404583732
STAT4_TSS18456,TSS5227	3.95931277333692e-07	-0.345323208308751	6.62396371199303e-05	205	203	135	1.49258	2.24083747799043	7.80777342699146e-05	0.273631119590233	0.012473406035458	205	203	135	1.49258	2.24083747799043
CD28_TSS30429	1.09444575804011e-07	-0.360542198385438	3.05315404447583e-05	204	199	66	0.675958	1.10690685741627	0.000363090699836757	0.247866718046149	0.0292774806893608	204	199	66	0.675958	1.10690685741627
MREG_TSS21609	4.02248140935048e-05	-0.282646953948761	0.00225975049020676	207	207	195	2.5546	3.47642358851675	8.60780942518723e-05	0.272071284149021	0.0130966795665006	207	207	195	2.5546	3.47642358851675
TUBA4A_TSS2759,TSS28369	2.90531587713866e-07	-0.34906053819006	5.42657987362476e-05	209	206	172	2.4636	3.81653519617225	0.000180775723251838	0.259884868757548	0.0199090703765646	209	206	172	2.4636	3.81653519617225
ARL4C_TSS25821,TSS2669	1.0104020569881e-07	-0.3614621189491	2.95933907319997e-05	209	208	201	4.57039	6.00943908564593	0.00017251957200759	0.260670130322924	0.0194073045436149	209	208	201	4.57039	6.00943908564593
SLC6A6_TSS1526	4.30775646399849e-05	0.281599620220662	0.00236796909626377	209	209	209	45.6833	46.3137755980861	0.000424158632038019	-0.245106150333554	0.0321718658561537	209	209	209	45.6833	46.3137755980861
OXNAD1_TSS23692	0.000547233797153663	-0.239357411199061	0.0167845984505126	209	208	207	2.53416	2.94018264114833	0.000172248886777747	0.260696465314446	0.0194073045436149	209	208	207	2.53416	2.94018264114833
SATB1_TSS12226,TSS1662	0.000102341538078156	-0.267996716942488	0.00465471895874689	209	209	196	1.77717	2.12918871291866	0.00056086405364698	0.240064994532249	0.0373455367751329	209	209	196	1.77717	2.12918871291866
CXCR6_TSS25765	5.46266620892189e-09	-0.393229186051106	5.59536391697811e-06	208	208	193	5.78245	10.9249298133971	8.52493411073011e-05	0.272226403420708	0.0130966795665006	208	208	193	5.78245	10.9249298133971
CCR5_TSS491	1.82409047673162e-08	-0.380510366901929	1.16563941689343e-05	209	209	200	5.23042	6.81950903349282	0.000159209172811584	0.262013214890535	0.018928119377846	209	209	200	5.23042	6.81950903349282
STAB1_TSS12767	0.00130391883513009	-0.223080952226607	0.0318952378839864	206	205	121	1.19156	2.01703387607655	3.98088673375519e-05	0.284154168112309	0.0083406103115997	206	205	121	1.19156	2.01703387607655
NT5DC2_TSS15451,TSS30912	0.000130417056552737	-0.264053103062336	0.00553752555239952	194	185	46	0.491863	0.678068778242029	4.13794349255943e-07	0.346394663189316	0.000881416446777596	194	185	46	0.491863	0.678068778242029
CD96_TSS35644	2.45214550743064e-08	-0.37730451609347	1.3935597097662e-05	209	208	165	2.37397	3.97483383205742	3.89982788320266e-05	0.28446898235815	0.00832858924536602	209	208	165	2.37397	3.97483383205742
ZBED2_TSS18019	0.0010021218867865	-0.228135987386652	0.0265994159378501	172	130	10	0.155181	0.287337065550239	0.000383419186717266	0.246902870745448	0.0303423462281115	172	130	10	0.155181	0.287337065550239
SIDT1_TSS11062	2.54272556067019e-05	-0.28955264590063	0.00160877742713591	201	187	18	0.292696	0.440750932440191	4.44572433185418e-05	0.282457677397009	0.00875883711475371	201	187	18	0.292696	0.440750932440191
MGLL_TSS14603,TSS20093	0.0024924804264585	0.210144287444464	0.0498515588268434	209	209	209	26.178	26.8005241626794	7.28418484899596e-08	-0.366888727490807	0.000465477622312964	209	209	209	26.178	26.8005241626794
PCOLCE2_TSS16578	0.000197219902072958	0.25717993367967	0.00746835246946203	209	209	209	76.0527	78.2344822966507	4.57491868691608e-05	-0.282015837996394	0.00892667912643222	209	209	209	76.0527	78.2344822966507
SLC9A9_TSS35734	8.65011727967551e-08	-0.363242615176748	2.7988056681745e-05	207	194	45	0.535835	0.705872794354067	0.000353194020360162	0.248354221687928	0.0288434260524796	207	194	45	0.535835	0.705872794354067
CPA3_TSS27930	0.000227132568475704	-0.254789330446685	0.00841410954030069	200	188	84	0.72932	1.74252747320574	0.000221515471387196	0.256442031017499	0.0220317391600315	200	188	84	0.72932	1.74252747320574
ETV5_TSS36356	0.000878928791161635	-0.230614495627103	0.0239512780713034	202	196	43	0.547203	0.673170967942584	2.57563274910429e-05	0.29073855919315	0.00731508318887275	202	196	43	0.547203	0.673170967942584
ST6GAL1_TSS18437,TSS23896	9.89169989225137e-08	-0.361706148479974	2.94002024355625e-05	209	208	206	3.70036	4.80735480952153	2.25171529280758e-06	0.324896386464263	0.00250243889562846	209	208	206	3.70036	4.80735480952153
KLHL5_TSS14972,TSS9470	0.00218606651445656	-0.212823731693466	0.0454662702815494	209	208	164	1.53181	1.61962410181818	0.000495960821152702	0.242297084571231	0.0350200401919453	209	208	164	1.53181	1.61962410181818
ANTXR2_TSS10288,TSS15192	1.90259175016655e-05	-0.293828288626396	0.00126331438606359	209	207	175	2.20603	2.62645104961722	0.000514569231114236	0.241630729482725	0.0356937100382748	209	207	175	2.20603	2.62645104961722
TSPAN5_TSS26330	1.0861102784632e-06	-0.332788971248494	0.00013950786345627	201	168	40	0.326261	0.5778200915311	0.000133969820681062	0.264876545846529	0.0165430076639064	201	168	40	0.326261	0.5778200915311
ELOVL6_TSS32069,TSS794	8.06607807303171e-08	-0.364040244388465	2.64534731658531e-05	199	174	29	0.305799	0.513148875598086	0.000156223107118501	0.262328891662901	0.01865990112643	199	174	29	0.305799	0.513148875598086
ZNF827_TSS22419	9.72747130437264e-06	-0.303465021252331	0.000762711331322297	199	102	1	0.0940501	0.156491634354067	0.000526229880104643	0.241224442177345	0.0357738350142415	199	102	1	0.0940501	0.156491634354067
FAM198B_TSS21137,TSS8367	0.00212149535365582	-0.213431713838959	0.0444124019122001	208	206	127	1.21759	1.72426393875598	0.000717322289726538	0.235536174020549	0.0427533421590226	208	206	127	1.21759	1.72426393875598
TLR3_TSS3408	0.000687645040095692	-0.235183178617869	0.0198267282522557	200	190	43	0.553533	0.656646839712919	0.000107523642523289	0.268478438174646	0.0151571870013963	200	190	43	0.553533	0.656646839712919
PDZD2_TSS12068	0.00131145806379862	-0.222969004926154	0.0319868125656074	192	17	0	0.0264708	0.0411067949760766	0.000936250301167941	0.230534560699036	0.0493212235038211	192	17	0	0.0264708	0.0411067949760766
FYB_TSS21357,TSS30941	5.89502616552172e-05	-0.27675040482857	0.0030564455135274	209	209	209	12.9828	14.773551291866	6.21992321576394e-06	0.311167875580956	0.00382362322035123	209	209	209	12.9828	14.773551291866
OXCT1_TSS11306	0.000105426923828272	-0.267516799028051	0.00474883276433827	203	194	38	0.502368	0.647026571913876	0.000331046043187258	0.249492861022208	0.0279269567983812	203	194	38	0.502368	0.647026571913876
SEPP1_TSS35282	0.000335972172333118	-0.248038673828395	0.0114656671522121	207	206	187	3.58969	7.60575014032091	3.0458255823776e-05	0.288222221029481	0.00786407552637918	207	206	187	3.58969	7.60575014032091
EMB_TSS17303	3.28733503243118e-07	-0.34757474696065	5.75531306602558e-05	208	208	184	2.89705	4.19367018660287	2.28546185562484e-05	0.292517913403261	0.00679542897063547	208	208	184	2.89705	4.19367018660287
PDE4D_TSS16039,TSS22359,TSS25408,TSS25617,TSS29920,TSS3013,TSS3508,TSS3690	1.8027889395857e-05	-0.294615171322306	0.00120947737755249	206	177	28	0.293168	0.536165931578947	0.000566723735388306	0.239875407485263	0.0374315901815516	206	177	28	0.293168	0.536165931578947
F2R_TSS19258	4.11303569769521e-08	-0.371616097933286	1.9469130642368e-05	207	203	93	0.826875	1.55786377511962	4.03090926699492e-06	0.317111830814592	0.00324424953446904	207	203	93	0.826875	1.55786377511962
RHOBTB3_TSS35763	5.3528254401557e-05	-0.278251535057064	0.00281529981637489	209	206	77	0.744939	0.92817366076555	2.19422908198613e-06	0.325237145293954	0.00250243889562846	209	206	77	0.744939	0.92817366076555
ST8SIA4_TSS26762	4.32386501985985e-05	-0.281542447587714	0.00237172347151583	208	208	151	1.54974	1.97837151674641	9.6195327238838e-06	0.305060551638042	0.00431376975359989	208	208	151	1.54974	1.97837151674641
DCANP1_TSS21320	3.60850942585172e-05	-0.284298514242067	0.00209154443161442	189	170	17	0.312419	0.417967681818182	0.000309292920363438	0.250682278401494	0.0272628223615414	189	170	17	0.312419	0.417967681818182
PPP2R2B_TSS16827,TSS20701,TSS25167,TSS32472,TSS7462	2.85537280768791e-06	-0.320239448181359	0.000301180202498008	193	169	31	0.357744	0.547576531100478	0.000581591990264644	0.239402363782756	0.0380841473693416	193	169	31	0.357744	0.547576531100478
ANXA6_TSS11300,TSS22637	4.60558803205778e-08	-0.370357343963089	2.09835077021551e-05	209	208	206	8.16094	11.7399961521531	0.000774463981437845	0.234107700238004	0.0448890563027954	209	208	206	8.16094	11.7399961521531
ITK_TSS1054	5.75433274434669e-08	-0.367863362157552	2.19577223974029e-05	209	208	188	3.50486	5.3292971491866	0.000276111462478265	0.252655514569797	0.0252862785265061	209	208	188	3.50486	5.3292971491866
ADAM19_TSS1594	5.45807465243606e-10	-0.416126825546672	2.27223490512639e-06	209	208	173	2.45939	3.68064251502392	0.000401249989323998	0.246095707590736	0.0312453560856841	209	208	173	2.45939	3.68064251502392
SFXN1_TSS35167	2.96228603718521e-07	-0.348827484575178	5.43991441573288e-05	205	203	193	2.43978	2.80103999569378	3.49701478146102e-05	0.286131108046033	0.00790608243800284	205	203	193	2.43978	2.80103999569378
SERPINB9_TSS19853	4.44980217315947e-07	-0.343900359452911	7.24467473554962e-05	209	205	166	2.03821	2.4087370607177	9.84221927391915e-05	0.269912914317022	0.014294145844355	209	205	166	2.03821	2.4087370607177
BPHL_TSS22360	1.70118023941193e-05	0.2954598003471	0.00115956981598955	208	208	208	8.10704	8.34340119617225	0.000435343108105001	-0.244640898816669	0.0325410897446426	208	208	208	8.10704	8.34340119617225
BRPF3_TSS2944	3.4993799412642e-05	0.284763637395257	0.0020329011517876	209	209	209	5.00754	5.0799895215311	7.38790637853198e-06	-0.308773785442613	0.00401792074343949	209	209	209	5.00754	5.0799895215311
TREM2_TSS28347	0.000607531254096313	-0.237456072539934	0.0180991915920231	209	209	209	82.5211	92.1779719617225	8.80785416566707e-06	0.306306276540027	0.00416391766825873	209	209	209	82.5211	92.1779719617225
TREM1_TSS9189	2.23401831194923e-05	0.291469321789344	0.00144789610779531	209	209	209	195.256	196.030401913876	3.37212605456888e-05	-0.286683219533621	0.00789902562535361	209	209	209	195.256	196.030401913876
TRERF1_TSS31764	4.83046897399601e-09	-0.394496745157191	5.36833119323096e-06	209	204	85	0.749142	1.22622211334928	1.64945170127944e-06	0.328970329849678	0.00237797692362631	209	204	85	0.749142	1.22622211334928
RCAN2_TSS18088,TSS31718,TSS8426	5.16475997225407e-07	-0.342074799436822	8.14916232412261e-05	193	162	22	0.267285	0.487840865215311	0.000809189024924901	0.233286365898986	0.0457603554559854	193	162	22	0.267285	0.487840865215311
TDRD6_TSS352	0.000474085706365419	-0.24194320161747	0.0149791158719487	194	92	7	0.0783972	0.191294600526316	0.000116721568233213	0.267139947382975	0.0157027368716272	194	92	7	0.0783972	0.191294600526316
PLA2G7_TSS21440,TSS24190	1.52965555430215e-05	-0.297000312328395	0.00106829304982288	205	200	155	2.32229	4.61703503732057	3.52604905102431e-05	0.286005417863009	0.00790608243800284	205	200	155	2.32229	4.61703503732057
PRDM1_TSS16731,TSS30061	9.23579000448054e-08	-0.362493125725342	2.86198148550556e-05	206	204	127	1.29282	1.86578941578947	5.03904541630135e-05	0.280519934068953	0.00950075477024009	206	204	127	1.29282	1.86578941578947
SCML4_TSS32503,TSS9590	2.20605726806215e-07	-0.352344840737731	4.58447396983225e-05	204	189	81	0.63486	1.15214363856459	5.86819186474731e-05	0.278144195163275	0.0103446105003314	204	189	81	0.63486	1.15214363856459
MARCKS_TSS16012	0.000238138116221791	-0.253983146825214	0.00873321146161435	208	208	181	2.16985	3.04046989473684	0.000124540812534169	0.266077581915396	0.0161483033856943	208	208	181	2.16985	3.04046989473684
TRAF3IP2_TSS10177,TSS1329,TSS18482	0.00225914059150736	0.21215509077887	0.046606854446747	209	209	209	10.4207	10.4536591866029	2.72507758214475e-05	-0.289894788641683	0.00749923253630277	209	209	209	10.4207	10.4536591866029
SMPDL3A_TSS14511	0.000222771424736507	-0.255118901910341	0.00832494208726589	203	201	159	2.05051	2.43421643827751	3.95112387356127e-05	0.284269052854025	0.0083406103115997	203	201	159	2.05051	2.43421643827751
THEMIS_TSS11521,TSS3012	4.79457277141586e-06	-0.31327092766971	0.000434588917057308	207	201	112	1.08552	2.03631658038277	0.000168990230093327	0.261016568970694	0.0194073045436149	207	201	112	1.08552	2.03631658038277
SGK1_TSS16025,TSS22389,TSS30808,TSS33151	0.000284490740381614	-0.250929291553128	0.0100718390788011	209	209	209	58.0586	63.1534033492823	0.000433927836753247	0.244699155010035	0.0325410897446426	209	209	209	58.0586	63.1534033492823
ZC3H12D_TSS11859	1.51645233130345e-05	-0.297125579671095	0.00106489115495735	208	208	62	0.76351	0.944607248803828	0.00064643309472601	0.237461905682226	0.0404104194978093	208	208	62	0.76351	0.944607248803828
SYNE1_TSS17246,TSS33718	2.04996112763428e-06	-0.324605293060283	0.000229820422734473	209	209	74	0.733832	1.00511580861244	1.40975493614052e-05	0.299592449762066	0.00549724221793166	209	209	74	0.733832	1.00511580861244
CCR6_TSS15799,TSS20563	1.75610846785516e-07	-0.355037867242022	3.83657167067058e-05	208	205	131	1.37228	2.12305273827751	0.000229414807812904	0.255843644604024	0.0225495233926763	208	205	131	1.37228	2.12305273827751
GLCCI1_TSS29894	0.000114071967403724	-0.266239007092961	0.00501857755388399	208	203	82	0.847063	1.0551380337799	0.000135291553884088	0.264714546596633	0.0165463512384267	208	203	82	0.847063	1.0551380337799
WIPF3_TSS11127	4.60444436015569e-07	-0.343482821748734	7.44900014493289e-05	161	46	0	0.0353305	0.0696278958851675	0.000884579728099667	0.231609472635043	0.0478028381182993	161	46	0	0.0353305	0.0696278958851675
POR_TSS20694	3.01307498870536e-05	0.287018221596174	0.00181216964203054	209	209	209	97.8255	99.6826148325359	1.4120036950949e-05	-0.2995694143246	0.00549724221793166	209	209	209	97.8255	99.6826148325359
ABCB1_TSS12396	9.86411172644602e-05	-0.268590509115178	0.00451448857459609	197	141	10	0.179237	0.285990054832536	0.000720846323086014	0.235445093374689	0.0427533421590226	197	141	10	0.179237	0.285990054832536
CDK6_TSS10640,TSS17533	8.17918033710483e-07	-0.336367516448432	0.000116148904775965	209	205	60	0.662732	0.827723595406699	4.43667706415865e-05	0.28248906981374	0.00875883711475371	209	205	60	0.662732	0.827723595406699
GAL3ST4_TSS15819	0.00158851774892661	-0.219216142509714	0.0365144803779793	202	194	88	0.876877	1.29071236985646	3.47503783506672e-06	0.319116279522507	0.00320545937275026	202	194	88	0.876877	1.29071236985646
PVRIG_TSS10408	1.27679493195999e-06	-0.330727521551501	0.000156153852898704	200	191	46	0.488162	0.722468277990431	0.00061592017670613	0.238351507384148	0.0390658452525692	200	191	46	0.488162	0.722468277990431
TCAF2_TSS17748,TSS27449,TSS2942	0.000581179199580393	-0.23826453284466	0.0175389864468411	197	141	2	0.152875	0.226534573588517	0.000252298597312814	0.254212610499079	0.0240634494250479	197	141	2	0.152875	0.226534573588517
EPHA1_TSS30610	6.02078143043037e-06	-0.310152538220647	0.000530679979804244	204	177	29	0.323228	0.536256248277512	0.000552934674909277	0.240324481983051	0.0370959664707507	204	177	29	0.323228	0.536256248277512
GIMAP5_TSS17510	6.55225099326972e-05	-0.275095884609242	0.00333905679235352	209	195	188	3.79885	4.6358184767651	0.000191732212300856	0.258892917410227	0.0205918784816058	209	195	188	3.79885	4.6358184767651
MSRA_TSS15618,TSS19089	0.00138477931698284	0.221909996968768	0.0332787851623893	209	209	209	18.8639	19.0915292822967	0.000808769055898901	-0.233296103681106	0.0457603554559854	209	209	209	18.8639	19.0915292822967
ADAMDEC1_TSS4471	0.00135014234403313	-0.222403705637763	0.0326499417746744	174	141	35	0.253402	0.674015088038277	0.000208944645566853	0.257436580195939	0.0212031154582064	174	141	35	0.253402	0.674015088038277
DUSP4_TSS11832,TSS35696	3.44639344869794e-07	-0.347004415085634	5.99273897565768e-05	208	198	79	0.698707	1.10442946464115	0.000225843199409596	0.256111782699519	0.0223751086050725	208	198	79	0.698707	1.10442946464115
PDE7A_TSS27686,TSS8654	1.27705183355049e-05	-0.299596449509037	0.000943431269288559	208	208	203	2.44174	2.90904549760766	1.22380366604982e-05	0.30162902243975	0.00496534055680942	208	208	203	2.44174	2.90904549760766
ADHFE1_TSS6280	0.000839144625534588	-0.231483536326049	0.0233444279781522	200	190	59	0.636595	0.730208723444976	0.000793265244701477	0.233658888760357	0.0453616396416431	200	190	59	0.636595	0.730208723444976
ENPP2_TSS16940,TSS35000	4.29766230164194e-06	-0.314756699629257	0.00039946380397189	206	203	146	1.51226	2.20068467703349	0.000265093862427394	0.253359740517888	0.0248207480494748	206	203	146	1.51226	2.20068467703349
UBAP1_TSS30076	3.86924090217025e-05	0.283238801440907	0.00219294161198168	209	209	209	17.6551	17.5926411483254	0.000483403892840698	-0.242759941997977	0.0346080625408667	209	209	209	17.6551	17.5926411483254
CORO2A_TSS20932,TSS22985	0.000913527440895034	0.22988767094667	0.0247432033266017	209	209	209	22.4344	22.3545371291866	0.000258189746478372	-0.253815052226801	0.0244429189249395	209	209	209	22.4344	22.3545371291866
TNFSF8_TSS11185	1.35324862402297e-05	-0.29876556272977	0.000982681479507137	208	208	155	1.64713	2.04119125358852	0.00016850682858859	0.261064544415661	0.0194073045436149	208	208	155	1.64713	2.04119125358852
TRAF1_TSS10088,TSS10913,TSS12784	5.02206164645818e-08	-0.369390289793595	2.10440848762488e-05	209	208	208	3.45725	4.27023429473684	0.000129353506011204	0.265454320449381	0.016287709197795	209	208	208	3.45725	4.27023429473684
FAM102A_TSS27745,TSS28229	1.47439966341074e-08	-0.382795180538145	9.9176657359058e-06	208	208	207	4.33932	6.13919118181818	0.000827091009359633	0.232875541846803	0.0462801278270529	208	208	207	4.33932	6.13919118181818
RALGDS_TSS13171,TSS14319,TSS20402,TSS31005	0.000151386250645814	-0.261596868188498	0.00623121409461781	209	209	209	31.8993	33.3884459330144	0.000460414144812411	0.243636977018657	0.033624702730143	209	209	209	31.8993	33.3884459330144
SARDH_TSS13303,TSS25151	1.09596028273704e-05	-0.301776738114498	0.000843790385151852	195	165	37	0.374472	0.58198833076555	1.41942015720625e-05	0.299493688237714	0.00549724221793166	195	165	37	0.374472	0.58198833076555
DBH-AS1_TSS15307	3.83384852413954e-05	-0.283378630336361	0.00217771115834513	171	121	21	0.167591	0.371366221052632	1.8966683400828e-05	0.295270388535172	0.00629619992738396	171	121	21	0.167591	0.371366221052632
LINC00094_TSS29449	0.00135518431644179	0.222331122216335	0.03274089443532	209	208	204	2.13779	2.22096072535885	0.000272105553952219	-0.252908490094415	0.0251093504136198	209	208	204	2.13779	2.22096072535885
SPOCK2_TSS25443,TSS27340	8.98566208525929e-09	-0.38804460436087	7.13640856922338e-06	209	208	197	5.26395	8.61235243301435	0.000749580495473558	0.234717395193236	0.0436933014178305	209	208	197	5.26395	8.61235243301435
KCNMA1_TSS18323	0.000921532150963322	-0.229723125320138	0.0249262257256862	209	208	205	20.4727	23.2479295550239	0.000708439342589134	0.235767602733922	0.0427533421590226	209	208	205	20.4727	23.2479295550239
STAMBPL1_TSS19314	2.09362777156025e-06	-0.324329623274504	0.000232674867255877	205	198	84	0.840054	1.05705898181818	0.000304365868546606	0.250962454820427	0.0270135276594437	205	198	84	0.840054	1.05705898181818
ANKRD22_TSS21907	9.85173769199707e-08	-0.361752640928967	2.94002024355625e-05	200	186	74	0.572189	0.990218796650718	0.000102563864878314	0.269245378055167	0.0148114968935287	200	186	74	0.572189	0.990218796650718
PDLIM1_TSS23538	8.44134984048548e-05	0.27108682803059	0.0040288706149209	209	209	209	160.686	165.61306937799	6.44257010925205e-06	-0.31068027922278	0.00382973336192073	209	209	209	160.686	165.61306937799
ENTPD1_TSS23460,TSS4290,TSS7598	2.23746708884295e-05	-0.291446560405062	0.00144789610779531	209	209	208	3.94187	3.97986890430622	8.01560914286186e-05	0.273211970527659	0.0126473447716477	209	209	208	3.94187	3.97986890430622
DUSP5_TSS20173	2.44145096067453e-05	-0.290155992800351	0.00156250488565074	209	209	205	3.38332	3.71189055502392	0.000402493980990577	0.246040643517554	0.0312453560856841	209	209	205	3.38332	3.71189055502392
AFAP1L2_TSS17654	7.27216608307906e-06	-0.3075396393953	0.00061195006658232	155	59	1	0.0416491	0.0904212969856459	0.000207037943432205	0.257592278793656	0.0211683874882823	155	59	1	0.0416491	0.0904212969856459
ADAM8_TSS4574	1.63098137203676e-07	-0.355905217917473	3.6569749868975e-05	208	207	184	2.4087	3.47483703444976	6.88677079092805e-05	0.275624415357064	0.0114306979342151	208	207	184	2.4087	3.47483703444976
GVINP1_TSS31063	0.000467338435129136	-0.242200006620133	0.0148208904966946	209	209	206	3.61006	4.01070779425837	0.000121903740166472	0.266428715135686	0.0160617603216247	209	209	206	3.61006	4.01070779425837
DENND5A_TSS12877	0.000966118151401493	0.228829977237137	0.0257776054989286	209	209	209	60.6601	60.1269454545455	0.000230972319773599	-0.255727930247337	0.0225495233926763	209	209	209	60.6601	60.1269454545455
AMPD3_TSS14989,TSS22629,TSS25071,TSS25967,TSS36176	1.04537980102284e-06	-0.333273919224175	0.000137736871618273	208	207	116	1.18702	1.63070045933014	5.14220448696598e-06	0.313791000342534	0.00345894444450888	208	207	116	1.18702	1.63070045933014
SVIP_TSS31510	0.00101156583452617	-0.227957745971069	0.026755518855496	208	208	203	3.20846	3.63760265550239	5.78815466549318e-05	0.278359264325098	0.0102743764864355	208	208	203	3.20846	3.63760265550239
SLC43A1_TSS14866,TSS9610	6.82621477830601e-06	-0.308418062380668	0.000581616253160933	188	150	9	0.200723	0.314768272248804	0.000201336184242934	0.258065982948354	0.0207702635928997	188	150	9	0.200723	0.314768272248804
CD6_TSS4778	3.31014102154057e-10	-0.420877731899182	2.27223490512639e-06	208	208	208	6.57103	9.70740995215311	0.000722205075732842	0.235410085273263	0.0427533421590226	208	208	208	6.57103	9.70740995215311
PELI3_TSS14501,TSS28537	0.000173197501421179	0.259358768776763	0.00682141962068839	209	209	209	9.90599	10.3773895215311	2.38324891496026e-08	-0.379351562720977	0.000304591127576496	209	209	209	9.90599	10.3773895215311
LAMTOR1_TSS19163	0.000656834579918874	0.236026838908604	0.0190487361952485	209	209	209	125.068	128.888501913876	0.000523408458606205	-0.24132197839961	0.0357723091188054	209	209	209	125.068	128.888501913876
DGAT2_TSS13748	9.67773208203812e-05	0.26889753452503	0.00444914585879454	208	207	203	4.8078	5.35869074832536	0.000419294576651015	-0.245312042085451	0.0319928020112734	208	207	203	4.8078	5.35869074832536
GDPD4_TSS6477	0.000504551379641967	-0.24082423208468	0.0157934230607691	79	16	0	0	0.0265067373205742	0.000381569831228535	0.246988569805083	0.0302897716025856	79	16	0	0	0.0265067373205742
MYO7A_TSS21748,TSS8185	1.12928492086617e-07	-0.360180615298393	3.05315404447583e-05	208	205	105	1.00335	1.57458260555024	2.22609200869973e-05	0.292908150095811	0.00677394498028258	208	205	105	1.00335	1.57458260555024
SYTL2_TSS15012,TSS1743,TSS3351,TSS9599	3.19761083697216e-05	-0.286124824226624	0.00188327489870611	207	204	97	0.959184	1.18524245933014	0.000401957704480475	0.246064361894908	0.0312453560856841	207	204	97	0.959184	1.18524245933014
PVRL1_TSS35475	0.000383680138072772	0.245706362365184	0.0126882573129751	209	208	208	3.58714	3.63710708277512	0.000481439361505837	-0.24283336076222	0.0345676166276705	209	208	208	3.58714	3.63710708277512
ETS1_TSS21595,TSS35401	1.34291756031906e-07	-0.358173298100143	3.30060728454958e-05	209	209	208	5.38477	8.25492674162679	0.000130001042926447	0.265372123354631	0.0162890032266809	209	209	208	5.38477	8.25492674162679
KCNJ5_TSS12525	0.000191716134356177	-0.257656339897392	0.00733601214113509	205	199	122	1.35636	1.81629113909091	0.000855996568090594	0.232229172318748	0.0467429838148191	205	199	122	1.35636	1.81629113909091
CCND2_TSS27869	4.60317461495217e-10	-0.417753456676758	2.27223490512639e-06	208	208	166	1.59757	2.15908054066986	0.00010569958071272	0.268756568780202	0.0151571870013963	208	208	166	1.59757	2.15908054066986
ENO2_TSS27326	2.42034196822611e-07	-0.351243214040157	4.87136701179745e-05	204	197	86	0.810917	1.11595570287081	5.94639316860265e-05	0.277936705863052	0.0104066194108889	204	197	86	0.810917	1.11595570287081
CLSTN3_TSS25679	1.21648760669756e-09	-0.408354833601936	2.96257967764586e-06	209	208	194	2.75558	3.50686680669856	0.000750415058973733	0.234696646412037	0.0436933014178305	209	208	194	2.75558	3.50686680669856
KLRB1_TSS24007	4.88521077360066e-06	-0.313015811177385	0.00044123983245232	202	202	182	3.82605	6.61825223923445	6.63550628464911e-05	0.276211726516323	0.0111619221878353	202	202	182	3.82605	6.61825223923445
LOC374443_TSS10607,TSS10875,TSS25587,TSS25811,TSS26348	0.00030362255918171	-0.249802223078306	0.0105878529812328	206	206	142	1.27649	1.70668065550239	4.4422649233761e-06	0.315791316644319	0.00324424953446904	206	206	142	1.27649	1.70668065550239
CLEC2D_TSS13210	1.79687819840853e-07	-0.354768040303598	3.89237318894241e-05	209	209	151	1.65955	2.39925194258373	3.18278903668068e-05	0.287558156666659	0.00789241781549392	209	209	151	1.65955	2.39925194258373
KLRD1_TSS26063,TSS36364	0.000278695729202114	-0.251284607049973	0.00989408546407671	198	183	41	0.427156	0.736513836650718	0.000577820728269857	0.239521281861336	0.0379683178285496	198	183	41	0.427156	0.736513836650718
SLC38A1_TSS10899,TSS19178,TSS5709	2.81372481667766e-06	-0.320434479764023	0.000298429958668455	209	207	131	1.38788	2.13238356363636	0.000349249972060386	0.248552044072676	0.0287177656817292	209	207	131	1.38788	2.13238356363636
FKBP11_TSS14833,TSS9581	0.00088498435682381	-0.230485405487611	0.0240813184531447	204	203	195	3.50919	4.05997099330144	0.000115880288898516	0.267258189223509	0.0156999332542305	204	203	195	3.50919	4.05997099330144
NFE2_TSS25490,TSS3434	0.00237660502750217	0.211120405567962	0.0482896670174746	208	207	205	7.90111	8.5213067291866	3.55818453484678e-06	-0.318797840851857	0.00320545937275026	208	207	205	7.90111	8.5213067291866
SLC16A7_TSS22722,TSS25486	0.000177308642028591	-0.25896663901242	0.00692994831634987	204	168	3	0.19704	0.250628462440191	0.000150402549997336	0.262960766601587	0.0181341489645373	204	168	3	0.19704	0.250628462440191
IFNG_TSS15869	3.50591885894847e-06	-0.317500667186301	0.000351519831150217	204	200	143	2.25826	4.67213829617225	0.000318743597656871	0.250156282670531	0.0275925093226358	204	200	143	2.25826	4.67213829617225
PLXNC1_TSS1135,TSS5112	7.03931057840994e-08	-0.36558761247534	2.4578479142825e-05	209	209	178	2.22571	2.99771364114833	6.71734853066482e-06	0.310100111379255	0.00385499135886099	209	209	178	2.22571	2.99771364114833
CMKLR1_TSS22814,TSS7058	2.09168978234174e-06	-0.324341741166939	0.000232674867255877	209	208	172	2.14495	3.48928969138756	2.34387404840614e-07	0.35326076839331	0.000612638734948525	209	208	172	2.14495	3.48928969138756
SELPLG_TSS11918,TSS24366	0.000116373661260114	0.265914099203282	0.00509353964977702	209	209	209	141.883	148.833581818182	0.000107520891406043	-0.268478854324155	0.0151571870013963	209	209	209	141.883	148.833581818182
TPCN1_TSS13472,TSS23287	3.02317193170475e-05	-0.286968021218055	0.00181397412550012	207	206	101	0.964829	1.41755153444976	1.76532383432713e-05	0.29632222890243	0.00601645900389811	207	206	101	0.964829	1.41755153444976
SDS_TSS12760	3.44337813535787e-05	-0.285007658656657	0.00200612579326969	199	192	114	1.11377	2.37169808755981	2.85680825143238e-05	0.289186492027413	0.00768060300992515	199	192	114	1.11377	2.37169808755981
PXN_TSS25869,TSS31433	2.48452350406091e-08	-0.3771615845111	1.3935597097662e-05	208	206	185	2.35243	3.19977445574163	0.000698304341147678	0.236034942799371	0.0425998980049542	208	206	185	2.35243	3.19977445574163
HIP1R_TSS21369,TSS28145	1.84753160130767e-06	-0.325961156839611	0.000215921874539889	206	187	29	0.344851	0.538868724784689	1.88306403067562e-05	0.295376082718734	0.00629619992738396	206	187	29	0.344851	0.538868724784689
SLC7A1_TSS3015	0.00142651504840557	-0.221329903912518	0.0340075335408702	209	209	203	2.52784	2.55805097129187	0.000127614619299333	0.265676970832247	0.0161483033856943	209	209	203	2.52784	2.55805097129187
LPAR6_TSS25909,TSS5480,TSS7289	0.000166943000633879	-0.259972328740105	0.00665620282221628	209	209	208	7.16187	7.51318003827751	2.39677138980683e-07	0.352994226357908	0.000612638734948525	209	209	208	7.16187	7.51318003827751
SLAIN1_TSS11653,TSS1730,TSS20020	0.000319241159269742	-0.248930044235621	0.0110123121080889	195	181	18	0.342433	0.458287076555024	0.00043666498894458	0.244586645087516	0.0325410897446426	195	181	18	0.342433	0.458287076555024
DOCK9_TSS26804,TSS28758	8.25042218072141e-07	-0.336258749000385	0.000116513282520122	208	197	53	0.477498	0.718512407177033	0.000896858123169739	0.231348910368586	0.0479917838445581	208	197	53	0.477498	0.718512407177033
GPR183_TSS5088	0.00162905279681923	-0.218718166869841	0.0372035694440628	208	207	190	2.7018	3.60545477751196	0.000557166139774436	0.240185583206401	0.0372819992114512	208	207	190	2.7018	3.60545477751196
IRS2_TSS5397	3.86327122678992e-08	0.372310974664547	1.89902068899956e-05	209	209	209	14.0603	14.2529357894737	0.000341480782672883	-0.248947866975549	0.0284974258771091	209	209	209	14.0603	14.2529357894737
GZMH_TSS23901	8.0634621673787e-07	-0.336546132745695	0.000115145338804674	205	204	164	3.41181	6.27305045311005	0.000371953931848099	0.247440477579769	0.0296466478260279	205	204	164	3.41181	6.27305045311005
GNG2_TSS18014	2.97949226635344e-07	-0.348757941571775	5.43991441573288e-05	209	208	170	2.26327	3.3047382277512	3.22539919649384e-05	0.287357053095039	0.00789241781549392	209	208	170	2.26327	3.3047382277512
GCH1_TSS30510	1.25282747955287e-05	-0.299870459810848	0.000936274087751311	209	209	204	4.72506	5.4735436937799	0.000445489389825764	0.244228317282828	0.0329680454433622	209	209	204	4.72506	5.4735436937799
SYNE2_TSS16945,TSS1711,TSS22406	7.11066925697592e-08	-0.365473267209445	2.4578479142825e-05	209	209	168	2.43776	3.86285644976077	0.00053709059298553	0.24085344821781	0.0362231468266574	209	209	168	2.43776	3.86285644976077
ZFP36L1_TSS13769,TSS28851	0.000328324269594896	-0.24844088756544	0.0112951502760634	209	209	209	18.7517	21.3846675598086	5.1766364777361e-05	0.280101363915766	0.00958840615995742	209	209	209	18.7517	21.3846675598086
TMEM63C_TSS15614	0.000346212622520223	-0.247513227284532	0.0117303461656234	180	85	4	0.0691611	0.160043306172249	1.13872640722911e-05	0.302660568213108	0.00477163699921036	180	85	4	0.0691611	0.160043306172249
GPR68_TSS16190,TSS35383	2.04169576258932e-09	-0.403225342574909	3.34096096081671e-06	205	201	106	1.01093	1.51351318229665	0.000339191993019273	0.249066070613539	0.0284265132248054	205	201	106	1.01093	1.51351318229665
CCDC88C_TSS12116	1.13169379676511e-06	-0.332266425875279	0.000144568022556003	208	208	138	1.32026	1.94459071291866	0.000710238300557323	0.235720518961201	0.0427533421590226	208	208	138	1.32026	1.94459071291866
TC2N_TSS15706,TSS15930	3.96489357980882e-07	-0.345306089797767	6.62396371199303e-05	207	205	109	1.03737	1.86901702105263	1.18847240741914e-05	0.302048894567088	0.00489976503323236	207	205	109	1.03737	1.86901702105263
LGMN_TSS835	0.000230604195438419	-0.254531167428835	0.00853035287930743	209	209	209	43.2905	53.7584148325359	0.00052239866151729	0.241357005176908	0.0357723091188054	209	209	209	43.2905	53.7584148325359
BCL11B_TSS27034	8.44075898695152e-09	-0.388701236620177	7.13640856922338e-06	206	198	73	0.633631	1.15132941727273	0.000253926305876787	0.254101909525424	0.024128662842069	206	198	73	0.633631	1.15132941727273
GPR132_TSS30533	2.5078731915514e-08	-0.377059617327004	1.3935597097662e-05	206	203	128	1.18441	1.54090603162679	1.97232483284773e-05	0.294695362112897	0.00638159431043302	206	203	128	1.18441	1.54090603162679
FMN1_TSS31659,TSS32621	0.00102729675007173	-0.227664213306788	0.0268266628909836	208	201	30	0.44737	0.619375437129187	0.000167140742614754	0.261200820303591	0.0194073045436149	208	201	30	0.44737	0.619375437129187
RASGRP1_TSS8855	3.20397066758262e-08	-0.374376858950207	1.67136110681794e-05	209	209	163	2.0543	3.19589926794258	0.000189937447965711	0.259051725389404	0.0205918784816058	209	209	163	2.0543	3.19589926794258
PATL2_TSS11322	4.45164195070007e-05	-0.281095916480441	0.00242619232200095	206	206	167	1.52309	1.89272934449761	0.000477417459117373	0.242984537005007	0.0345127896717971	206	206	167	1.52309	1.89272934449761
C15orf48_TSS10458	0.000590860524462136	-0.237963653964153	0.0177265092321322	209	209	207	16.5195	21.2813681722488	0.000491466782209192	0.24246147876073	0.0348102436232082	209	209	207	16.5195	21.2813681722488
DAPK2_TSS33783	9.07296714569997e-09	-0.387942984646524	7.13640856922338e-06	200	183	77	0.59444	1.18065313827751	3.40406050400846e-05	0.286540231489892	0.00789902562535361	200	183	77	0.59444	1.18065313827751
LOXL1-AS1_TSS1251,TSS13349,TSS25298	0.000198837238331853	-0.257042293687253	0.00751845953994155	168	116	3	0.126512	0.197257825837321	0.000642244435728556	0.237581700424652	0.0404104194978093	168	116	3	0.126512	0.197257825837321
CSPG4_TSS34313	0.000146717528909109	0.262114908021182	0.00605855695710137	209	208	183	2.69232	3.15999306555024	1.59106125672876e-09	-0.407547560310294	4.06691167832438e-05	209	208	183	2.69232	3.15999306555024
ODF3L1_TSS109	0.000906979825150026	0.230023253436531	0.024610733875435	206	205	180	2.3205	2.74379872583732	0.000511282383673432	-0.241746790627922	0.0356937100382748	206	205	180	2.3205	2.74379872583732
PSTPIP1_TSS3455	7.96261222223322e-05	-0.272016326654702	0.00389908680100581	207	207	207	5.80971	7.30585961722488	0.000245575402235961	0.254677016010822	0.0236873692700129	207	207	207	5.80971	7.30585961722488
ISG20_TSS31978,TSS7565	7.45921882491566e-09	-0.389994594935373	7.06167008828405e-06	206	206	199	4.15741	6.05581267464115	0.000346279067783707	0.2487024304878	0.028644787222069	206	206	199	4.15741	6.05581267464115
NLRC3_TSS14670	2.5900524944225e-09	-0.40083921225011	3.89437245940786e-06	207	206	130	1.43093	2.4020147384689	5.59942395645879e-05	0.278877684853295	0.0100614692500795	207	206	130	1.43093	2.4020147384689
ADCY9_TSS3133	0.000111968486666028	0.266541347916156	0.00496879598553878	207	207	205	2.88791	2.93499788995215	1.79172944207628e-06	-0.327893106878954	0.00237797692362631	207	207	205	2.88791	2.93499788995215
XYLT1_TSS26523	1.18488998242686e-06	-0.331681452228411	0.000149196910545877	208	204	44	0.561298	0.691048080191388	5.62884903861884e-05	0.278795786760322	0.0100614692500795	208	204	44	0.561298	0.691048080191388
RRN3P1_TSS34716	0.00103498265731352	-0.227522295875017	0.0268266628909836	206	201	106	1.01616	1.14010458803828	8.12418930482396e-06	0.307443112356322	0.00415324805641211	206	201	106	1.01616	1.14010458803828
PRKCB_TSS17400	1.93210271271241e-05	-0.293603084230761	0.00127944242071611	208	208	158	1.70821	2.24461156937799	0.000130993900395138	0.265246832637391	0.0163333418926835	208	208	158	1.70821	2.24461156937799
IL21R_TSS14281,TSS4541	1.13391088178687e-07	-0.360133412111638	3.05315404447583e-05	205	199	100	0.959957	1.46859268709183	1.60481196768313e-06	0.32932663427844	0.00237797692362631	205	199	100	0.959957	1.46859268709183
SEPT1_TSS3220	1.30706184976411e-07	-0.358487747581356	3.27547136684514e-05	208	208	196	4.81238	8.13327097129187	0.000270029455645641	0.25304096308207	0.0251093504136198	208	208	196	4.81238	8.13327097129187
CES1_TSS31413	0.0016427172017763	0.218552847851167	0.0373904669586857	209	209	209	233.79	241.076084688995	0.000484710550824705	-0.242711262165164	0.0346080625408667	209	209	209	233.79	241.076084688995
NLRC5_TSS42	5.91592767590881e-08	-0.367551701585264	2.22377981358684e-05	209	209	209	9.59746	11.2534526794258	0.000199888387901732	0.258188256879508	0.0207702635928997	209	209	209	9.59746	11.2534526794258
B3GNT9_TSS35875	3.21079507972567e-05	-0.286062870666747	0.00188669271339926	205	190	22	0.428416	0.51512505657807	0.000746456732935732	0.234795247134697	0.0436617403903209	205	190	22	0.428416	0.51512505657807
RLTPR_TSS13878	1.54378564429953e-07	-0.35654825720476	3.62024815173763e-05	205	201	76	0.719954	1.15574890861244	0.000231132394228754	0.255716078836617	0.0225495233926763	205	201	76	0.719954	1.15574890861244
ZNRF1_TSS35402	3.74457348003889e-06	-0.316616171556342	0.000368134779704901	205	201	58	0.664654	0.912066740047847	0.000403386702721949	0.246001225230036	0.0312453560856841	205	201	58	0.664654	0.912066740047847
BCAR1_TSS11528,TSS12694,TSS13521,TSS29281,TSS29637,TSS6650,TSS7009	7.9478027313371e-06	0.306301683790237	0.000651133928255473	209	209	209	9.10515	9.67724	2.82093975813743e-07	-0.35104064880502	0.000655509465070461	209	209	209	9.10515	9.67724
SLC7A5_TSS11446	4.74057309888213e-09	-0.394689877100197	5.36833119323096e-06	208	207	172	1.86702	2.54794016555024	0.000605875470553996	0.238653279380672	0.0386272841026212	208	207	172	1.86702	2.54794016555024
CPNE7_TSS19730	5.23693774112437e-08	-0.368921133654599	2.12478358096635e-05	200	180	77	0.607079	1.38269142057416	0.000303238338416345	0.251027164119128	0.0270072305514292	200	180	77	0.607079	1.38269142057416
SPIRE2_TSS12543	7.67366764027354e-05	0.272603043573961	0.00378661425778054	207	207	206	5.59326	5.68016766028708	7.72343194611591e-05	-0.273804207015633	0.012473406035458	207	207	206	5.59326	5.68016766028708
FAM101B_TSS30306	1.06905016064681e-07	-0.36081280575789	3.05315404447583e-05	206	204	149	1.69692	2.57768335741627	0.000757270722115791	0.234527002443856	0.0439922657454585	206	204	149	1.69692	2.57768335741627
SCARF1_TSS19186	9.80732344319944e-06	-0.303349623693887	0.000766620778384162	209	208	197	2.52465	2.6606847784689	1.95366047479177e-06	0.326762180712079	0.00237797692362631	209	208	197	2.52465	2.6606847784689
ATP2A3_TSS26016	4.38224974196668e-09	-0.395496569006545	5.33403265021002e-06	209	209	192	3.18073	4.74448931578947	0.000445310904130769	0.244235499553243	0.0329680454433622	209	209	192	3.18073	4.74448931578947
CLEC10A_TSS21185	0.000138231268508718	-0.26309730118976	0.00580185460484619	209	208	192	3.33101	4.40404494688995	3.81384226102189e-05	0.284809741187841	0.00832858924536602	209	208	192	3.33101	4.40404494688995
ACAP1_TSS17528	2.24064012151262e-08	-0.378285514807585	1.36364290823772e-05	209	209	199	4.26146	7.29895793301435	4.80040929661226e-05	0.281272073993416	0.00923893282318618	209	209	199	4.26146	7.29895793301435
CHD3_TSS13044,TSS18390	3.10606125004137e-05	-0.286561786424186	0.00184208890051757	209	208	205	3.67107	4.55627856215311	1.99820850400541e-05	0.294503412157994	0.0063845259463603	209	208	205	3.67107	4.55627856215311
PIK3R6_TSS30017	0.00115499474832636	-0.225423403486026	0.0289723461844651	207	201	131	1.17859	1.45517254354067	2.02516266858757e-05	0.294306005267848	0.00639076332984777	207	201	131	1.17859	1.45517254354067
HS3ST3B1_TSS7808	3.15372208189209e-07	-0.348074658885327	5.59807570383637e-05	208	196	28	0.365773	0.529076080956938	3.26613553620839e-05	0.287167121944063	0.00789241781549392	208	196	28	0.365773	0.529076080956938
PLD6_TSS13802	2.48627477934221e-05	-0.289886093145721	0.0015848296667024	204	198	34	0.497621	0.65708346076555	3.42684606858084e-05	0.286438978957566	0.00789902562535361	204	198	34	0.497621	0.65708346076555
SPECC1_TSS11661,TSS21829,TSS9232	2.83385741010258e-05	-0.287936718523856	0.00173707983836048	209	204	136	1.20581	1.33966531100478	6.2340435194972e-05	0.277194938487817	0.0107667828649911	209	204	136	1.20581	1.33966531100478
SLFN12L_TSS15211	1.84242000388071e-07	-0.354473490299562	3.95748720329368e-05	204	199	112	1.07289	1.80124513732057	0.000819253811254523	0.233054376117552	0.0461254331926803	204	199	112	1.07289	1.80124513732057
MLLT6_TSS15448	3.6763860401392e-07	-0.346222823359605	6.34946645756744e-05	209	209	209	7.10136	7.83620688995215	0.000317267342737556	0.25023748353007	0.0275925093226358	209	209	209	7.10136	7.83620688995215
LINC00672_TSS26469	9.32699239318234e-06	-0.304057670937383	0.000738102949108774	205	182	4	0.284914	0.333905639856459	0.00017386928291099	0.260539389733087	0.0194073045436149	205	182	4	0.284914	0.333905639856459
PLXDC1_TSS22967	9.29323826520721e-08	-0.362422086153592	2.86198148550556e-05	203	138	11	0.170586	0.307492113971292	0.000525919697185077	0.24123514146878	0.0357738350142415	203	138	11	0.170586	0.307492113971292
IKZF3_TSS27733,TSS29524	1.52923829567762e-07	-0.356658920554259	3.61933889590885e-05	209	207	138	1.4621	2.46949757607655	6.5846794355833e-05	0.276333066038013	0.0111619221878353	209	207	138	1.4621	2.46949757607655
RARA_TSS19901,TSS20305,TSS8154	0.00081728748933097	0.231977260958187	0.0229567972689988	209	209	209	47.1502	47.252980861244	0.000599996937337659	-0.238832038111002	0.0385339741590148	209	209	209	47.1502	47.252980861244
AOC3_TSS29860,TSS5849	0.00102016966944152	0.227796686480692	0.0268266628909836	209	209	209	52.3673	58.1172094736842	5.97382833938374e-06	-0.311726496613236	0.00382362322035123	209	209	209	52.3673	58.1172094736842
VAT1_TSS11282	2.97267865490021e-05	0.287220666157547	0.00179209054476189	209	209	209	155.438	158.114815789474	7.76925884441189e-05	-0.273709941276435	0.012473406035458	209	209	209	155.438	158.114815789474
OSBPL7_TSS26695	0.000135941397694778	-0.263372043379678	0.00571512839880959	201	194	35	0.460844	0.656586159904306	9.40900252289007e-06	0.305373800523293	0.00429470559799273	201	194	35	0.460844	0.656586159904306
PHOSPHO1_TSS30042	0.00154575192963344	-0.219754272488121	0.0358538703025049	202	191	73	0.691926	0.881664710047847	0.000110385086987677	0.268050907368202	0.0152516389648217	202	191	73	0.691926	0.881664710047847
GNGT2_TSS33744,TSS34603,TSS524	9.58544219988347e-05	-0.269051621743097	0.00443734714502513	208	208	207	13.478	14.0552684545455	1.57601921747825e-05	0.297976438918684	0.0055643611685874	208	208	207	13.478	14.0552684545455
FAM117A_TSS22944	1.51121077164344e-07	-0.356797468541062	3.61009892840915e-05	206	206	188	2.0216	2.64654305741627	0.000412788986933776	0.245590906874484	0.0316855834685112	206	206	188	2.0216	2.64654305741627
HLF_TSS22427	2.23190268210974e-06	-0.323491486364991	0.000243801984860713	195	131	13	0.154282	0.305211244497608	3.15187409204452e-05	0.287705658811541	0.00789241781549392	195	131	13	0.154282	0.305211244497608
MRC2_TSS16228	9.33880546927056e-05	-0.269470333435921	0.00436397087020155	206	188	41	0.393815	0.637445139665072	5.84572389493943e-08	0.369384697331541	0.000465477622312964	206	188	41	0.393815	0.637445139665072
LIMD2_TSS20325	7.14864439514607e-06	-0.307777713838412	0.000605054633722943	209	208	181	2.42225	3.99351186889952	0.000181480121972519	0.259819430293766	0.0199090703765646	209	208	181	2.42225	3.99351186889952
CDC42EP4_TSS27099	0.00137855712775424	0.221997847599883	0.03318013064268	209	209	209	6.66922	7.1184123923445	1.13091955002732e-07	-0.361833207148672	0.000566103232756858	209	209	209	6.66922	7.1184123923445
FAM20A_TSS19359,TSS6805	0.00102615128927089	-0.227685447274346	0.0268266628909836	206	201	57	0.611654	0.891293261244019	2.72848724962309e-05	0.289876051751056	0.00749923253630277	206	201	57	0.611654	0.891293261244019
RAB37_TSS25713,TSS35887,TSS6121	0.000350780396286115	-0.247283490361864	0.0118326519371308	208	205	123	1.23438	1.73791939473684	0.000449833005906753	0.244054346732775	0.0330407513332831	208	205	123	1.23438	1.73791939473684
TRIM47_TSS25847	4.73951247828101e-06	-0.313428152465067	0.000433154664395115	207	205	191	2.10838	2.53512616526316	8.95956620453934e-06	0.306065381229605	0.00416391766825873	207	205	191	2.10838	2.53512616526316
PSTPIP2_TSS28471	3.82386722016338e-07	-0.345745919933553	6.51612466763975e-05	209	209	204	4.53493	5.09686786602871	2.88462066802087e-05	0.28904089649234	0.00768060300992515	209	209	204	4.53493	5.09686786602871
TCF4_TSS1890,TSS19101,TSS27183,TSS28651,TSS32658,TSS33580,TSS34348,TSS36266,TSS3791	0.000806347711170155	-0.232228959988603	0.0226993985079519	208	207	56	0.726567	0.796748794258373	6.72971353882187e-05	0.275989115088138	0.0112430201154134	208	207	56	0.726567	0.796748794258373
BCL2_TSS20723	1.10900345148743e-07	-0.360389783467714	3.05315404447583e-05	208	206	170	1.81542	2.25534995598086	6.786691097717e-06	0.309957264001	0.00385499135886099	208	206	170	1.81542	2.25534995598086
CD226_TSS14812,TSS30052	2.29351298042872e-06	-0.323133874409219	0.00024840883598618	205	202	116	1.21365	1.7766807861244	0.000121292850965656	0.266511069984292	0.0160617603216247	205	202	116	1.21365	1.7766807861244
SLC25A23_TSS11735	1.93474414608514e-06	-0.32536046003946	0.00022198156161017	202	156	14	0.189385	0.338822725311005	0.000830298166922354	0.232802808391655	0.0462801278270529	202	156	14	0.189385	0.338822725311005
CD209_TSS28230	4.83815699631192e-05	-0.279815108272886	0.00259620778893895	206	204	162	1.55623	1.93593523923445	0.000457814834037001	0.243738676480407	0.0335306732745553	206	204	162	1.55623	1.93593523923445
MCEMP1_TSS14115	7.90729332286135e-05	0.272127091059346	0.00387943041507982	209	209	209	497.921	493.479799043062	0.000259243598542528	-0.253744825582743	0.0244473353316532	209	209	209	497.921	493.479799043062
S1PR2_TSS26080	3.41616617331889e-06	-0.317848209478088	0.000346510410937318	206	205	107	1.03218	1.09198094449761	0.000831054288667004	0.232785698385314	0.0462801278270529	206	205	107	1.03218	1.09198094449761
CYP4F22_TSS6115	1.89353156276218e-05	-0.293898091631176	0.00126331438606359	188	137	17	0.189949	0.34141741062201	0.000718616416443768	0.235502678739666	0.0427533421590226	188	137	17	0.189949	0.34141741062201
RASAL3_TSS30975	2.67978499401675e-07	-0.350028289586785	5.31427625333993e-05	209	209	209	4.64307	6.0760952631579	0.000849531132542869	0.232371984887705	0.0467429838148191	209	209	209	4.64307	6.0760952631579
OCEL1_TSS3777	0.00011311408046678	0.266376034674281	0.00499362523456193	206	206	206	8.85152	9.14657693779904	0.000214293786755046	-0.257006743060298	0.0216504485503784	206	206	206	8.85152	9.14657693779904
JAK3_TSS2274	1.01847643221445e-08	-0.386725450439686	7.23146557884269e-06	209	207	159	1.91512	3.17893387751196	6.63750312018685e-05	0.276206977290727	0.0111619221878353	209	207	159	1.91512	3.17893387751196
SPINT2_TSS17599	0.00204195408957326	0.214204241610984	0.0433868565948314	209	209	209	47.3057	49.2794631578947	0.000670083600505424	-0.236798657553502	0.041322227724038	209	209	209	47.3057	49.2794631578947
RASGRP4_TSS24505	8.43397238381547e-05	0.271100772575211	0.0040288706149209	209	209	209	12.5943	12.9323371291866	0.000132032201829485	-0.265116753739874	0.0163828888881721	209	209	209	12.5943	12.9323371291866
PLEKHG2_TSS293	0.00247654331839363	-0.210276063391136	0.0497664494980027	208	206	48	0.665881	0.854150162679426	0.000176644577819803	0.260273509390005	0.0196313567550086	208	206	48	0.665881	0.854150162679426
DMWD_TSS7973	6.42340072229592e-07	-0.339381582613606	9.60166934869041e-05	194	170	15	0.243932	0.39698447138756	0.000599113344510234	0.238859046796351	0.0385339741590148	194	170	15	0.243932	0.39698447138756
ANGPT4_TSS20384	0.000605054087267477	0.237530675853658	0.0180464265165041	208	208	207	13.0669	14.0791536650718	6.01465433639523e-06	-0.311632329067795	0.00382362322035123	208	208	207	13.0669	14.0791536650718
RASSF2_TSS28636,TSS36094	4.10932676014728e-07	-0.344870899758561	6.82068190364445e-05	209	209	197	3.1514	4.31977766985646	2.39082401840452e-05	0.291848366194571	0.00686650030724023	209	209	197	3.1514	4.31977766985646
EPB41L1_TSS2096,TSS23183,TSS2810	2.67276839611881e-05	0.288810344244386	0.00165821924692216	209	209	209	15.9119	15.9710020574163	7.76692495271915e-05	-0.273714729456712	0.012473406035458	209	209	209	15.9119	15.9710020574163
SLA2_TSS26439	3.15850184180542e-06	-0.318896507542611	0.000326860184527888	207	206	146	1.78232	2.80458343923445	0.000293172371003914	0.251614973625748	0.0263865456874332	207	206	146	1.78232	2.80458343923445
PPP1R16B_TSS11572	1.30910869185576e-09	-0.407633203417779	2.96257967764586e-06	209	208	163	2.09606	3.41611994497608	0.000217944578399009	0.256719083564612	0.0218465936017924	209	208	163	2.09606	3.41611994497608
PLCG1_TSS1695	3.80773980020942e-08	-0.372471336927693	1.89902068899956e-05	209	209	209	4.00441	5.23605277511962	0.000196914486094296	0.258442030434173	0.0207702635928997	209	209	209	4.00441	5.23605277511962
BCAS4_TSS29336	2.3002501211878e-05	-0.291037893759864	0.00148476498352731	147	106	14	0.106783	0.305595427751196	0.000164769227811624	0.261439883112369	0.0194073045436149	147	106	14	0.106783	0.305595427751196
NFATC2_TSS11321,TSS27718	4.08148542619266e-08	-0.371701598064592	1.9469130642368e-05	208	207	152	1.65408	2.52637979569378	4.21123920556976e-06	0.316517869010108	0.00324424953446904	208	207	152	1.65408	2.52637979569378
CASS4_TSS28755,TSS30185	2.00199752297353e-06	-0.324914617308015	0.000225431976584698	206	203	97	0.953591	1.363749345311	0.000503429553710275	0.242026899575928	0.0354494843591965	206	203	97	0.953591	1.363749345311
UBASH3A_TSS7178	6.46585206737203e-07	-0.339299841284146	9.60893283105212e-05	205	199	121	1.3045	2.02666295167464	0.000147647460670214	0.263267864245832	0.017886335271049	205	199	121	1.3045	2.02666295167464
TRPM2_TSS9091	6.79203869806479e-07	-0.338688360443705	9.86427847507013e-05	206	201	115	1.13557	1.80009315526316	0.000240610536564782	0.255027625706867	0.0233849654948	206	201	115	1.13557	1.80009315526316
ADARB1_TSS4654	8.99254294152565e-08	-0.362798703551061	2.86198148550556e-05	209	206	99	0.923525	1.2600801715311	5.03865800882827e-05	0.280521127720022	0.00950075477024009	209	206	99	0.923525	1.2600801715311
ADORA2A_TSS17679,TSS2251,TSS24762	3.35831761773742e-06	-0.318076847926668	0.000341999827199148	203	173	79	0.59649	1.10821974332666	1.44211905633295e-05	0.299264225640584	0.00550179182073532	203	173	79	0.59649	1.10821974332666
MIAT_TSS7965	2.09128654485612e-09	-0.402985486695467	3.34096096081671e-06	209	207	137	1.58455	3.0678700110048	0.000857812657681977	0.232189236007145	0.0467429838148191	209	207	137	1.58455	3.0678700110048
APOBEC3D_TSS17192	7.11555673318357e-08	-0.365465475929287	2.4578479142825e-05	205	198	83	0.778644	1.13884448277512	0.000853082625258943	0.232293413967849	0.0467429838148191	205	198	83	0.778644	1.13884448277512
APOBEC3G_TSS23486	9.02934284132738e-06	-0.304513993169773	0.000725783120651475	209	209	209	17.5753	20.5898524401914	0.000271867177974112	0.252923652665291	0.0251093504136198	209	209	209	17.5753	20.5898524401914
GRAP2_TSS24773,TSS26141,TSS3784,TSS7350	7.77511061847572e-08	-0.364458579891173	2.61499476998497e-05	208	206	142	1.65901	2.64227506325359	0.000852105144038579	0.232315009053991	0.0467429838148191	208	206	142	1.65901	2.64227506325359
P2RY8_TSS20289	1.14247253848881e-06	-0.332145805564304	0.000144568022556003	208	206	126	1.28026	2.14348618191388	0.000279618109982652	0.252436854337161	0.025435297186002	208	206	126	1.28026	2.14348618191388
IQSEC2_TSS24617,TSS3634	0.00119639569987331	0.22474562011753	0.029806111583296	209	209	209	21.9236	22.1192535406699	0.000200520282592523	-0.258134788866419	0.0207702635928997	209	209	209	21.9236	22.1192535406699
OGT_TSS6961	0.000842960252878768	-0.231398562356399	0.0233444279781522	209	209	209	25.3724	26.0269545933014	0.000920450898618355	0.23085732386018	0.0489140237413384	209	209	209	25.3724	26.0269545933014
GPR174_TSS27218	2.42018625907554e-06	-0.322426507782247	0.000258838414093012	191	184	91	0.818488	1.39493388133971	0.000282595327323589	0.252253199898126	0.0256149615663768	191	184	91	0.818488	1.39493388133971
P2RY10_TSS25200	1.05731052708223e-06	-0.333130025752482	0.000138594432732045	199	195	91	0.874331	1.33818824784689	0.000430701087122213	0.24483263734081	0.0324753701708876	199	195	91	0.874331	1.33818824784689
ITM2A_TSS6954	3.1493409506245e-07	-0.348091392338872	5.59807570383637e-05	209	206	158	2.00753	3.40745899043062	0.000411966195627273	0.24562646592362	0.0316855834685112	209	206	158	2.00753	3.40745899043062
SH2D1A_TSS30904	2.83717387286643e-07	-0.349345116150687	5.42657987362476e-05	201	188	76	0.663915	1.12194827703349	4.43009535274466e-05	0.282511945074968	0.00875883711475371	201	188	76	0.663915	1.12194827703349
DDX26B_TSS25422	4.0341083437818e-06	-0.315612456233944	0.000387653546524085	209	209	201	2.27777	2.4835429569378	1.06261746286945e-05	0.303647240426373	0.00459104247457354	209	209	201	2.27777	2.4835429569378
LINC00892_TSS8696	5.42131513060945e-06	-0.311593052325796	0.000481160541852459	194	189	138	1.99759	3.28916700717703	0.000191122104385283	0.258946746070723	0.0205918784816058	194	189	138	1.99759	3.28916700717703
FHL1_TSS10004,TSS15569,TSS18174,TSS32008,TSS33805,TSS765,TSS7962	1.27419234470971e-07	0.358783371927329	3.22471589337871e-05	209	209	209	82.498	85.7244406698565	1.328828839459e-07	-0.359957836540303	0.000566103232756858	209	209	209	82.498	85.7244406698565
