tracking_ID	pvalue (Reticular Abnormality)	corr_coef (Reticular Abnormality)	fdr (Reticular Abnormality)	fpkm>0_num (Reticular Abnormality)	fpkm>0.1_num (Reticular Abnormality)	fpkm>1_num (Reticular Abnormality)	fpkm_median (Reticular Abnormality)	fpkm_mean (Reticular Abnormality)	pvalue (Race)	corr_coef (Race)	fdr (Race)	pval_dir (Race)	fpkm>0_num (Race)	fpkm>0.1_num (Race)	fpkm>1_num (Race)	fpkm_median (Race)	fpkm_mean (Race)
FAIM_TSS22098,TSS22130	0.00102638553746741	0.228783719629353	0.0441541685415354	205	205	200	3.31276	3.5419383062201	1.63242960459724e-07	NA	0.000117562561580527	-1.63242960459724e-07	205	205	200	3.31276	3.5419383062201
ACAT2_TSS28311,TSS31949	0.00118156397347393	0.22607620185415	0.04645857937574	209	208	208	9.64148	10.3028635885167	3.12335620725509e-05	NA	0.0069384679153692	-3.12335620725509e-05	209	208	208	9.64148	10.3028635885167
CYP51A1_TSS1520,TSS30319	9.26390401069317e-05	0.270890459629465	0.0172842810523597	209	208	208	12.7848	13.8729860100478	0.000320097509820227	NA	0.0336475295591368	-0.000320097509820227	209	208	208	12.7848	13.8729860100478
SQLE_TSS26036	5.69017208396846e-07	0.342474035118845	0.00399810514292415	209	209	209	5.73908	6.56221411483254	0.000105377774383293	NA	0.0162173855552408	-0.000105377774383293	209	209	209	5.73908	6.56221411483254
FADS1_TSS12651	3.7220182077671e-06	0.31819058714122	0.0052854726338186	209	209	209	11.9013	13.7663655980861	3.28074899903721e-05	NA	0.00716352945969262	-3.28074899903721e-05	209	209	209	11.9013	13.7663655980861
FADS2_TSS14538,TSS20044,TSS23063	0.000189104747933333	0.259125881964526	0.0224823556368554	209	209	203	7.81713	9.5535348277512	5.72470534266768e-05	NA	0.0106477421522261	-5.72470534266768e-05	209	209	203	7.81713	9.5535348277512
GATM_TSS21952	0.000647508129220465	0.237431275488675	0.0362085132289903	206	204	160	1.71601	2.04519791196172	0.000420507449511243	NA	0.0404266571991362	-0.000420507449511243	206	204	160	1.71601	2.04519791196172
MXRA7_TSS11006,TSS27965,TSS3216	0.000533777762007782	0.240965871072802	0.0336886256164961	205	199	131	1.45952	4.13946313205742	1.00723765754736e-05	NA	0.00289122476824298	-1.00723765754736e-05	205	199	131	1.45952	4.13946313205742
TRIB3_TSS12636,TSS15112,TSS21067,TSS28778	0.000591618762282048	0.239089624206725	0.0352502731531269	208	208	206	4.00152	4.63322618660287	6.84068357683355e-05	NA	0.0120523409198184	-6.84068357683355e-05	208	208	206	4.00152	4.63322618660287
