tracking_ID	pvalue (SCADDING)	corr_coef (SCADDING)	fdr (SCADDING)	fpkm>0_num (SCADDING)	fpkm>0.1_num (SCADDING)	fpkm>1_num (SCADDING)	fpkm_median (SCADDING)	fpkm_mean (SCADDING)	pvalue (DLCO% PRED)	corr_coef (DLCO% PRED)	fdr (DLCO% PRED)	fpkm>0_num (DLCO% PRED)	fpkm>0.1_num (DLCO% PRED)	fpkm>1_num (DLCO% PRED)	fpkm_median (DLCO% PRED)	fpkm_mean (DLCO% PRED)
DHRS9_TSS11781,TSS16426,TSS3314	7.52348303409612e-05	0.270992461501057	0.0240917103257529	209	209	209	13.8205	14.4915411483254	5.20689951360136e-05	-0.282730326690484	0.0458763756800098	209	209	209	13.8205	14.4915411483254
SEPP1_TSS35282	9.11589517605677e-06	0.302255531004842	0.00728416998911787	207	206	187	3.58969	7.60575014032091	3.86309742688007e-05	-0.287373979962503	0.045329455441473	207	206	187	3.58969	7.60575014032091
MEF2C_TSS31559,TSS3336,TSS8197	6.70396824501966e-05	0.272800614570743	0.0231448369921359	207	207	110	1.03807	1.16547546411483	4.93633810240791e-06	-0.317369114375325	0.0296442281756839	207	207	110	1.03807	1.16547546411483
TDRD6_TSS352	2.38356167554614e-06	0.320390001468755	0.00380922950273217	194	92	7	0.0783972	0.191294600526316	3.80761892992071e-05	-0.287596943208526	0.045329455441473	194	92	7	0.0783972	0.191294600526316
ATP6V0D2_TSS10384	9.69609238780313e-05	0.266969557808663	0.0263104050419298	208	207	178	3.11176	4.31598389808612	9.28158684221641e-06	-0.308509515470223	0.0296442281756839	208	207	178	3.11176	4.31598389808612
SQLE_TSS26036	0.000169016528017446	0.257928556566238	0.0339186603912514	209	209	209	5.73908	6.56221411483254	1.12878655013612e-05	-0.305704731201641	0.0308625232300373	209	209	209	5.73908	6.56221411483254
PAPSS2_TSS4097	6.3700797667783e-06	0.307219313549902	0.0062647284475585	209	209	208	3.32666	3.86016883253589	1.95510789813729e-05	-0.297674198996319	0.035682115646647	209	209	208	3.32666	3.86016883253589
CHST11_TSS3539	5.06383266355191e-05	0.277147331493609	0.0221833541858378	209	209	209	11.7907	13.0120266507177	3.41280946986091e-06	-0.32241996604039	0.0296435523060395	209	209	209	11.7907	13.0120266507177
GATM_TSS21952	2.08279557964611e-07	0.350606365773134	0.000806501852126265	206	204	160	1.71601	2.04519791196172	1.20787927008873e-05	-0.304727366557756	0.0308625232300373	206	204	160	1.71601	2.04519791196172
